DATE      	CROP           	TOTAL BIOMASS  	ROOT BIOMASS   	GRAIN YIELD    	FORAGE YIELD   	AG RESIDUE     	HARVEST INDEX  	POTENTIAL TR   	ACTUAL TR      	SOIL EVAP      	TOTAL N        	ROOT N         	GRAIN N        	FORAGE N       	CUM. N STRESS  	N IN HARVEST   	N IN RESIDUE   	N CONCN FORAGE 
YYYY-MM-DD	-              	Mg/ha          	Mg/ha          	Mg/ha          	Mg/ha          	Mg/ha          	Mg/Mg          	mm             	mm             	mm             	Mg/ha          	Mg/ha          	Mg/ha          	Mg/ha          	-              	kg/ha          	kg/ha          	%              
1984-09-17	Maize          	21.077         	2.710          	10.519         	5.258          	2.590          	0.5727         	338.63         	338.63         	151.34         	0.216          	0.0233         	0.1447         	0.032          	0.000          	176.631        	39.020         	0.607          	
1985-05-20	Triticale      	0.681          	0.123          	0.000          	0.000          	0.559          	0.0000         	45.45          	45.45          	214.94         	0.013          	0.0006         	0.0000         	0.000          	0.504          	0.000          	12.722         	0.000          	
1985-09-13	Soybean        	8.364          	1.174          	2.300          	0.000          	4.890          	0.3198         	253.26         	235.32         	136.76         	0.256          	0.0119         	0.1281         	0.000          	0.000          	128.127        	127.724        	0.000          	
1986-05-08	RyeBioenergyBM 	3.471          	0.751          	0.000          	2.447          	0.272          	0.0000         	106.86         	106.86         	126.32         	0.048          	0.0036         	0.0000         	0.040          	0.171          	39.785         	8.041          	1.626          	
1986-09-17	Maize          	18.756         	2.768          	8.866          	4.772          	2.351          	0.5545         	341.74         	297.33         	127.41         	0.220          	0.0253         	0.1445         	0.034          	0.000          	178.098        	41.863         	0.705          	
1987-05-20	Triticale      	1.016          	0.234          	0.000          	0.000          	0.782          	0.0000         	59.14          	59.14          	216.06         	0.016          	0.0011         	0.0000         	0.000          	0.338          	0.000          	15.847         	0.000          	
1987-09-26	Soybean        	9.967          	1.176          	2.930          	0.000          	5.861          	0.3333         	287.16         	282.09         	139.04         	0.286          	0.0117         	0.1488         	0.000          	0.000          	148.849        	136.868        	0.000          	
1988-05-08	RyeBioenergyBM 	2.678          	0.647          	0.000          	1.827          	0.203          	0.0000         	75.38          	75.38          	130.86         	0.042          	0.0032         	0.0000         	0.035          	0.133          	34.615         	7.045          	1.894          	
1988-09-28	Maize          	16.752         	2.332          	8.238          	4.142          	2.040          	0.5713         	381.02         	297.31         	128.54         	0.219          	0.0199         	0.1497         	0.033          	0.000          	182.885        	36.262         	0.801          	
1989-05-20	Triticale      	1.112          	0.277          	0.000          	0.000          	0.835          	0.0000         	55.82          	55.82          	201.11         	0.017          	0.0013         	0.0000         	0.000          	0.292          	0.000          	16.888         	0.000          	
1989-09-24	Soybean        	9.294          	1.156          	2.717          	0.000          	5.422          	0.3338         	255.75         	242.45         	137.03         	0.275          	0.0115         	0.1433         	0.000          	0.000          	143.324        	131.702        	0.000          	
1990-05-08	RyeBioenergyBM 	3.469          	0.726          	0.000          	2.469          	0.274          	0.0000         	97.08          	97.08          	135.62         	0.051          	0.0037         	0.0000         	0.043          	0.169          	42.796         	8.481          	1.734          	
1990-09-18	Maize          	20.416         	2.677          	10.206         	5.048          	2.486          	0.5753         	321.94         	321.94         	154.60         	0.231          	0.0238         	0.1560         	0.034          	0.000          	190.178        	40.643         	0.677          	
1991-05-20	Triticale      	1.471          	0.282          	0.000          	0.000          	1.189          	0.0000         	63.27          	63.27          	250.23         	0.023          	0.0014         	0.0000         	0.000          	0.423          	0.000          	23.416         	0.000          	
1991-09-21	Soybean        	8.396          	1.057          	2.415          	0.000          	4.923          	0.3291         	278.45         	247.75         	90.04          	0.255          	0.0105         	0.1313         	0.000          	0.000          	131.350        	123.432        	0.000          	
1992-05-08	RyeBioenergyBM 	3.099          	0.658          	0.000          	2.197          	0.244          	0.0000         	76.29          	76.29          	126.01         	0.047          	0.0034         	0.0000         	0.039          	0.140          	38.900         	7.684          	1.771          	
1992-09-25	Maize          	21.399         	2.801          	10.931         	5.137          	2.530          	0.5877         	317.82         	317.82         	126.34         	0.235          	0.0248         	0.1597         	0.034          	0.000          	193.392        	41.376         	0.656          	
1993-05-20	Triticale      	0.677          	0.178          	0.000          	0.000          	0.498          	0.0000         	44.93          	44.93          	187.93         	0.012          	0.0009         	0.0000         	0.000          	0.324          	0.000          	11.986         	0.000          	
1993-09-28	Soybean        	9.315          	1.166          	2.732          	0.000          	5.417          	0.3353         	284.96         	259.74         	117.68         	0.270          	0.0116         	0.1412         	0.000          	0.000          	141.189        	129.099        	0.000          	
1994-05-08	RyeBioenergyBM 	2.189          	0.573          	0.000          	1.454          	0.162          	0.0000         	70.34          	70.34          	117.47         	0.036          	0.0027         	0.0000         	0.030          	0.160          	30.091         	6.001          	2.069          	
1994-09-28	Maize          	22.653         	2.733          	11.912         	5.365          	2.642          	0.5980         	344.43         	344.43         	144.08         	0.244          	0.0239         	0.1688         	0.035          	0.000          	203.363        	40.987         	0.645          	
1995-05-20	Triticale      	0.880          	0.173          	0.000          	0.000          	0.707          	0.0000         	45.37          	45.37          	233.46         	0.015          	0.0009         	0.0000         	0.000          	0.412          	0.000          	15.156         	0.000          	
1995-09-11	Soybean        	6.676          	0.987          	1.789          	0.000          	3.900          	0.3144         	257.73         	195.98         	124.66         	0.218          	0.0099         	0.1078         	0.000          	0.000          	107.751        	110.282        	0.000          	
1996-05-08	RyeBioenergyBM 	2.677          	0.711          	0.000          	1.770          	0.197          	0.0000         	71.76          	71.76          	150.54         	0.045          	0.0036         	0.0000         	0.037          	0.116          	37.188         	7.683          	2.101          	
1996-09-25	Maize          	22.855         	2.847          	11.754         	5.531          	2.724          	0.5874         	350.08         	350.08         	153.39         	0.228          	0.0244         	0.1552         	0.033          	0.000          	187.946        	40.516         	0.593          	
1997-05-20	Triticale      	0.634          	0.141          	0.000          	0.000          	0.493          	0.0000         	38.34          	38.34          	218.18         	0.011          	0.0007         	0.0000         	0.000          	0.380          	0.000          	11.097         	0.000          	
1997-09-28	Soybean        	10.161         	1.249          	2.969          	0.000          	5.942          	0.3332         	294.80         	283.40         	122.72         	0.286          	0.0125         	0.1483         	0.000          	0.000          	148.253        	137.253        	0.000          	
1998-05-08	RyeBioenergyBM 	3.257          	0.682          	0.000          	2.317          	0.257          	0.0000         	89.64          	89.64          	127.31         	0.050          	0.0034         	0.0000         	0.041          	0.184          	41.497         	8.025          	1.791          	
1998-09-25	Maize          	19.356         	2.586          	9.424          	4.922          	2.424          	0.5620         	369.03         	317.18         	114.64         	0.230          	0.0238         	0.1540         	0.035          	0.000          	189.090        	41.117         	0.713          	
1999-05-20	Triticale      	0.909          	0.159          	0.000          	0.000          	0.750          	0.0000         	47.03          	47.03          	212.16         	0.016          	0.0008         	0.0000         	0.000          	0.485          	0.000          	16.044         	0.000          	
1999-09-28	Soybean        	9.774          	1.228          	2.814          	0.000          	5.732          	0.3293         	318.52         	289.55         	118.06         	0.278          	0.0122         	0.1430         	0.000          	0.000          	143.034        	135.074        	0.000          	
2000-05-08	RyeBioenergyBM 	3.688          	0.687          	0.512          	2.240          	0.249          	0.1706         	107.03         	107.03         	133.40         	0.050          	0.0034         	0.0132         	0.030          	0.193          	43.388         	6.797          	1.350          	
2000-09-28	Maize          	18.844         	2.649          	9.068          	4.775          	2.352          	0.5599         	323.65         	278.91         	140.32         	0.219          	0.0231         	0.1462         	0.033          	0.000          	179.686        	39.571         	0.701          	
2001-05-20	Triticale      	0.781          	0.189          	0.000          	0.000          	0.592          	0.0000         	45.08          	45.08          	183.96         	0.014          	0.0010         	0.0000         	0.000          	0.345          	0.000          	13.610         	0.000          	
2001-09-28	Soybean        	8.670          	1.181          	2.444          	0.000          	5.045          	0.3263         	299.64         	244.74         	142.60         	0.255          	0.0117         	0.1301         	0.000          	0.000          	130.063        	125.261        	0.000          	
2002-05-08	RyeBioenergyBM 	4.190          	0.709          	0.839          	2.378          	0.264          	0.2411         	121.58         	121.58         	130.46         	0.054          	0.0036         	0.0206         	0.027          	0.236          	47.846         	6.592          	1.144          	
2002-09-27	Maize          	13.130         	2.251          	5.272          	3.756          	1.850          	0.4846         	389.13         	223.49         	142.83         	0.203          	0.0222         	0.1257         	0.037          	0.000          	162.559        	40.310         	0.980          	
2003-05-20	Triticale      	1.133          	0.301          	0.000          	0.000          	0.832          	0.0000         	51.76          	51.76          	183.09         	0.020          	0.0015         	0.0000         	0.000          	0.266          	0.000          	20.238         	0.000          	
2003-09-28	Soybean        	9.841          	1.183          	2.896          	0.000          	5.762          	0.3345         	251.57         	251.57         	135.26         	0.286          	0.0117         	0.1492         	0.000          	0.000          	149.240        	136.470        	0.000          	
2004-05-08	RyeBioenergyBM 	3.109          	0.662          	0.000          	2.202          	0.245          	0.0000         	86.92          	86.92          	113.31         	0.048          	0.0034         	0.0000         	0.040          	0.161          	39.836         	7.867          	1.809          	
2004-09-26	Maize          	22.831         	2.899          	11.850         	5.415          	2.667          	0.5945         	330.77         	330.77         	163.58         	0.242          	0.0256         	0.1649         	0.034          	0.000          	199.095        	42.461         	0.631          	
2005-05-20	Triticale      	0.792          	0.169          	0.000          	0.000          	0.623          	0.0000         	43.29          	43.29          	188.16         	0.014          	0.0008         	0.0000         	0.000          	0.374          	0.000          	13.962         	0.000          	
2005-09-27	Soybean        	7.767          	1.062          	2.162          	0.000          	4.543          	0.3224         	302.05         	230.40         	101.22         	0.239          	0.0104         	0.1209         	0.000          	0.000          	120.884        	118.218        	0.000          	
2006-05-08	RyeBioenergyBM 	3.364          	0.688          	0.000          	2.409          	0.268          	0.0000         	111.34         	111.34         	143.90         	0.045          	0.0034         	0.0000         	0.037          	0.189          	37.349         	7.509          	1.550          	
2006-09-28	Maize          	19.343         	2.557          	9.503          	4.879          	2.403          	0.5661         	346.06         	306.05         	156.64         	0.229          	0.0237         	0.1534         	0.034          	0.000          	187.885        	40.686         	0.707          	
2007-05-20	Triticale      	0.936          	0.188          	0.000          	0.000          	0.748          	0.0000         	48.83          	48.83          	236.13         	0.017          	0.0010         	0.0000         	0.000          	0.387          	0.000          	16.871         	0.000          	
2007-09-17	Soybean        	10.013         	1.291          	2.874          	0.000          	5.849          	0.3295         	294.96         	285.95         	117.12         	0.285          	0.0130         	0.1463         	0.000          	0.000          	146.343        	138.574        	0.000          	
2008-05-08	RyeBioenergyBM 	3.601          	0.780          	0.000          	2.539          	0.282          	0.0000         	82.45          	82.45          	125.31         	0.056          	0.0042         	0.0000         	0.046          	0.118          	46.356         	9.319          	1.826          	
2008-09-28	Maize          	17.897         	2.534          	8.402          	4.664          	2.297          	0.5469         	362.95         	290.82         	145.08         	0.227          	0.0241         	0.1500         	0.036          	0.000          	185.700        	41.726         	0.766          	
2009-05-20	Triticale      	0.930          	0.218          	0.000          	0.000          	0.712          	0.0000         	49.86          	49.86          	210.41         	0.015          	0.0010         	0.0000         	0.000          	0.335          	0.000          	15.081         	0.000          	
2009-09-28	Soybean        	10.550         	1.318          	3.074          	0.000          	6.158          	0.3330         	269.02         	269.02         	144.00         	0.296          	0.0131         	0.1534         	0.000          	0.000          	153.400        	142.372        	0.000          	
2010-05-08	RyeBioenergyBM 	3.308          	0.706          	0.000          	2.341          	0.260          	0.0000         	104.61         	104.61         	110.80         	0.048          	0.0035         	0.0000         	0.040          	0.188          	40.290         	7.964          	1.721          	
2010-09-26	Maize          	18.109         	2.525          	8.745          	4.583          	2.257          	0.5611         	374.03         	307.91         	131.06         	0.235          	0.0224         	0.1584         	0.036          	0.000          	194.589        	40.184         	0.789          	
2011-05-20	Triticale      	0.806          	0.189          	0.000          	0.000          	0.617          	0.0000         	42.16          	42.16          	207.96         	0.015          	0.0009         	0.0000         	0.000          	0.363          	0.000          	14.579         	0.000          	
2011-09-28	Soybean        	9.590          	1.148          	2.856          	0.000          	5.585          	0.3384         	288.17         	266.95         	129.54         	0.272          	0.0113         	0.1434         	0.000          	0.000          	143.441        	128.845        	0.000          	
2012-05-08	RyeBioenergyBM 	4.413          	0.746          	0.808          	2.573          	0.286          	0.2203         	125.76         	125.76         	124.75         	0.056          	0.0038         	0.0194         	0.030          	0.236          	48.995         	7.063          	1.151          	
2012-09-22	Maize          	20.153         	2.610          	10.458         	4.747          	2.338          	0.5961         	369.79         	328.93         	159.75         	0.224          	0.0229         	0.1535         	0.032          	0.000          	185.122        	38.455         	0.666          	
