DATE      	CROP           	TOTAL BIOMASS  	ROOT BIOMASS   	GRAIN YIELD    	FORAGE YIELD   	AG RESIDUE     	HARVEST INDEX  	POTENTIAL TR   	ACTUAL TR      	SOIL EVAP      	TOTAL N        	ROOT N         	GRAIN N        	FORAGE N       	CUM. N STRESS  	N IN HARVEST   	N IN RESIDUE   	N CONCN FORAGE 
YYYY-MM-DD	-              	Mg/ha          	Mg/ha          	Mg/ha          	Mg/ha          	Mg/ha          	Mg/Mg          	mm             	mm             	mm             	Mg/ha          	Mg/ha          	Mg/ha          	Mg/ha          	-              	kg/ha          	kg/ha          	%              
1984-09-05	Soybean        	10.544         	1.231          	3.245          	0.000          	6.069          	0.3484         	322.79         	303.88         	159.86         	0.296          	0.0121         	0.1595         	0.000          	0.000          	159.507        	136.260        	0.000          	
1985-04-01	RyeBioenergyBM 	3.341          	0.818          	0.000          	2.271          	0.252          	0.0000         	77.42          	77.42          	87.51          	0.051          	0.0040         	0.0000         	0.042          	0.105          	42.489         	8.761          	1.871          	
1985-09-01	Maize          	19.086         	2.684          	9.617          	0.000          	6.785          	0.5863         	434.41         	320.83         	128.97         	0.175          	0.0194         	0.1178         	0.000          	0.008          	117.793        	56.708         	0.000          	
1986-04-16	RyeBioenergyBS 	1.337          	0.319          	0.000          	0.917          	0.102          	0.0000         	52.25          	52.25          	127.60         	0.022          	0.0015         	0.0000         	0.018          	0.209          	18.285         	3.539          	1.995          	
1986-09-02	Soybean        	7.951          	0.964          	2.407          	0.000          	4.581          	0.3445         	310.61         	243.06         	139.19         	0.231          	0.0095         	0.1235         	0.000          	0.000          	123.454        	107.518        	0.000          	
1987-04-01	RyeBioenergyBM 	1.774          	0.559          	0.000          	1.093          	0.121          	0.0000         	37.59          	37.59          	108.27         	0.035          	0.0031         	0.0000         	0.029          	0.040          	29.151         	6.301          	2.666          	
1987-09-02	Maize          	12.232         	2.098          	5.462          	0.000          	4.672          	0.5390         	392.89         	215.52         	173.58         	0.170          	0.0189         	0.1110         	0.000          	0.000          	110.990        	59.382         	0.000          	
1988-04-16	RyeBioenergyBS 	2.258          	0.606          	0.000          	1.487          	0.165          	0.0000         	67.22          	67.22          	132.56         	0.033          	0.0028         	0.0000         	0.027          	0.139          	27.126         	5.828          	1.824          	
1988-09-10	Soybean        	7.348          	0.903          	2.239          	0.000          	4.205          	0.3475         	344.59         	226.54         	178.33         	0.189          	0.0089         	0.1011         	0.000          	0.000          	101.128        	87.978         	0.000          	
1989-04-01	RyeBioenergyBM 	1.939          	0.594          	0.000          	1.210          	0.134          	0.0000         	46.87          	46.87          	123.18         	0.036          	0.0032         	0.0000         	0.030          	0.061          	29.917         	6.548          	2.472          	
1989-09-03	Maize          	19.650         	2.587          	10.442         	0.000          	6.621          	0.6120         	352.75         	338.31         	176.80         	0.174          	0.0178         	0.1211         	0.000          	0.087          	121.094        	53.380         	0.000          	
1990-04-16	RyeBioenergyBS 	0.787          	0.184          	0.000          	0.542          	0.060          	0.0000         	31.69          	31.69          	159.66         	0.015          	0.0010         	0.0000         	0.013          	0.277          	12.612         	2.352          	2.325          	
1990-09-04	Soybean        	10.273         	1.261          	3.089          	0.000          	5.922          	0.3428         	338.21         	298.47         	170.09         	0.279          	0.0124         	0.1483         	0.000          	0.000          	148.281        	131.119        	0.000          	
1991-04-01	RyeBioenergyBM 	3.513          	0.842          	0.000          	2.404          	0.267          	0.0000         	71.17          	71.17          	116.04         	0.058          	0.0047         	0.0000         	0.048          	0.068          	48.338         	10.055         	2.011          	
1991-09-01	Maize          	15.398         	2.075          	8.228          	0.000          	5.094          	0.6176         	399.21         	275.16         	157.22         	0.176          	0.0172         	0.1233         	0.000          	0.000          	123.332        	52.873         	0.000          	
1992-04-16	RyeBioenergyBS 	1.762          	0.438          	0.000          	1.192          	0.132          	0.0000         	54.10          	54.10          	142.31         	0.026          	0.0020         	0.0000         	0.022          	0.167          	21.882         	4.418          	1.836          	
1992-09-11	Soybean        	10.235         	1.261          	3.092          	0.000          	5.881          	0.3446         	326.29         	293.98         	165.97         	0.285          	0.0124         	0.1519         	0.000          	0.000          	151.925        	132.941        	0.000          	
1993-04-01	RyeBioenergyBM 	1.919          	0.582          	0.000          	1.203          	0.134          	0.0000         	29.24          	29.24          	107.34         	0.045          	0.0037         	0.0000         	0.037          	0.015          	37.219         	7.802          	3.094          	
1993-09-07	Maize          	13.939         	2.161          	7.009          	0.000          	4.770          	0.5951         	460.85         	249.77         	180.45         	0.168          	0.0197         	0.1136         	0.000          	0.000          	113.634        	54.750         	0.000          	
1994-04-16	RyeBioenergyBS 	1.657          	0.524          	0.000          	1.020          	0.113          	0.0000         	45.29          	45.29          	125.23         	0.028          	0.0025         	0.0000         	0.022          	0.094          	22.499         	5.037          	2.205          	
1994-09-04	Soybean        	9.446          	1.111          	2.888          	0.000          	5.447          	0.3465         	303.61         	268.14         	159.65         	0.269          	0.0109         	0.1443         	0.000          	0.000          	144.338        	124.354        	0.000          	
1995-04-01	RyeBioenergyBM 	3.610          	0.812          	0.000          	2.519          	0.280          	0.0000         	68.81          	68.81          	105.54         	0.061          	0.0043         	0.0000         	0.051          	0.046          	50.649         	9.974          	2.011          	
1995-09-04	Maize          	15.511         	2.310          	7.950          	0.000          	5.251          	0.6022         	382.12         	260.22         	160.02         	0.174          	0.0189         	0.1193         	0.000          	0.000          	119.330        	55.026         	0.000          	
1996-04-16	RyeBioenergyBS 	1.188          	0.397          	0.000          	0.712          	0.079          	0.0000         	34.10          	34.10          	126.21         	0.021          	0.0020         	0.0000         	0.017          	0.090          	16.769         	3.837          	2.355          	
1996-09-05	Soybean        	11.782         	1.362          	3.620          	0.000          	6.801          	0.3474         	328.67         	328.40         	157.44         	0.319          	0.0134         	0.1712         	0.000          	0.000          	171.211        	147.334        	0.000          	
1997-04-01	RyeBioenergyBM 	2.677          	0.767          	0.000          	1.719          	0.191          	0.0000         	48.34          	48.34          	111.91         	0.049          	0.0041         	0.0000         	0.041          	0.039          	40.745         	8.613          	2.371          	
1997-09-17	Maize          	14.105         	2.099          	7.139          	0.000          	4.868          	0.5946         	423.05         	236.07         	191.83         	0.176          	0.0193         	0.1200         	0.000          	0.000          	119.951        	56.329         	0.000          	
1998-04-16	RyeBioenergyBS 	1.868          	0.502          	0.000          	1.229          	0.137          	0.0000         	59.86          	59.86          	126.14         	0.028          	0.0023         	0.0000         	0.023          	0.165          	23.441         	4.909          	1.907          	
1998-09-05	Soybean        	8.590          	1.181          	2.513          	0.000          	4.896          	0.3392         	335.76         	253.96         	160.61         	0.256          	0.0116         	0.1345         	0.000          	0.000          	134.505        	121.295        	0.000          	
1999-04-01	RyeBioenergyBM 	3.220          	0.805          	0.000          	2.174          	0.242          	0.0000         	67.87          	67.87          	92.63          	0.051          	0.0041         	0.0000         	0.043          	0.068          	42.506         	8.784          	1.955          	
1999-09-07	Maize          	13.087         	2.018          	6.435          	0.000          	4.634          	0.5814         	420.82         	247.40         	183.83         	0.178          	0.0182         	0.1211         	0.000          	0.000          	121.131        	57.036         	0.000          	
2000-04-16	RyeBioenergyBS 	3.101          	0.698          	0.000          	2.162          	0.240          	0.0000         	95.78          	95.78          	134.49         	0.039          	0.0031         	0.0000         	0.032          	0.167          	32.372         	6.700          	1.497          	
2000-09-06	Soybean        	10.649         	1.250          	3.265          	0.000          	6.134          	0.3473         	311.93         	303.57         	166.16         	0.297          	0.0123         	0.1597         	0.000          	0.000          	159.726        	137.262        	0.000          	
2001-04-01	RyeBioenergyBM 	1.692          	0.567          	0.000          	1.012          	0.112          	0.0000         	23.24          	23.24          	99.62          	0.048          	0.0042         	0.0000         	0.039          	0.001          	39.095         	8.536          	3.862          	
2001-09-03	Maize          	21.544         	2.876          	11.404         	0.000          	7.265          	0.6109         	398.15         	350.75         	132.84         	0.195          	0.0210         	0.1346         	0.000          	0.016          	134.620        	60.753         	0.000          	
2002-04-16	RyeBioenergyBS 	1.642          	0.328          	0.000          	1.183          	0.131          	0.0000         	57.79          	57.79          	128.80         	0.025          	0.0015         	0.0000         	0.021          	0.290          	21.204         	3.852          	1.793          	
2002-09-08	Soybean        	7.415          	1.062          	2.099          	0.000          	4.255          	0.3304         	349.58         	223.69         	180.03         	0.211          	0.0104         	0.1080         	0.000          	0.000          	108.010        	102.729        	0.000          	
2003-04-01	RyeBioenergyBM 	1.270          	0.455          	0.000          	0.734          	0.082          	0.0000         	22.36          	22.36          	107.49         	0.031          	0.0030         	0.0000         	0.025          	0.016          	25.330         	5.797          	3.453          	
2003-09-06	Maize          	20.296         	2.602          	10.902         	0.000          	6.792          	0.6161         	342.44         	325.04         	170.02         	0.182          	0.0185         	0.1266         	0.000          	0.057          	126.637        	55.367         	0.000          	
2004-04-16	RyeBioenergyBS 	0.954          	0.270          	0.000          	0.616          	0.068          	0.0000         	31.13          	31.13          	120.88         	0.018          	0.0014         	0.0000         	0.015          	0.180          	15.302         	3.101          	2.483          	
2004-08-28	Soybean        	11.527         	1.315          	3.556          	0.000          	6.656          	0.3482         	299.74         	299.74         	174.66         	0.314          	0.0129         	0.1694         	0.000          	0.000          	169.444        	144.930        	0.000          	
2005-04-01	RyeBioenergyBM 	2.795          	0.763          	0.000          	1.829          	0.203          	0.0000         	41.87          	41.87          	103.65         	0.062          	0.0048         	0.0000         	0.052          	0.015          	51.567         	10.515         	2.819          	
2005-09-08	Maize          	21.403         	2.777          	11.510         	0.000          	7.115          	0.6180         	396.87         	354.39         	155.94         	0.192          	0.0207         	0.1328         	0.000          	0.047          	132.839        	59.090         	0.000          	
2006-04-16	RyeBioenergyBS 	0.687          	0.168          	0.000          	0.467          	0.052          	0.0000         	29.50          	29.50          	129.77         	0.014          	0.0008         	0.0000         	0.011          	0.289          	11.500         	2.124          	2.463          	
2006-09-05	Soybean        	10.615         	1.360          	3.176          	0.000          	6.079          	0.3432         	352.89         	310.89         	130.07         	0.297          	0.0134         	0.1574         	0.000          	0.000          	157.420        	139.182        	0.000          	
2007-04-01	RyeBioenergyBM 	3.062          	0.779          	0.000          	2.055          	0.228          	0.0000         	59.15          	59.15          	97.87          	0.057          	0.0045         	0.0000         	0.047          	0.042          	47.130         	9.698          	2.293          	
2007-09-05	Maize          	17.403         	2.525          	8.820          	0.000          	6.058          	0.5928         	460.24         	309.03         	155.57         	0.191          	0.0212         	0.1295         	0.000          	0.000          	129.471        	61.414         	0.000          	
2008-04-16	RyeBioenergyBS 	0.974          	0.234          	0.000          	0.667          	0.074          	0.0000         	32.43          	32.42          	137.52         	0.018          	0.0012         	0.0000         	0.015          	0.247          	15.239         	2.863          	2.286          	
2008-09-05	Soybean        	8.836          	1.221          	2.582          	0.000          	5.033          	0.3391         	372.63         	262.27         	155.91         	0.253          	0.0120         	0.1325         	0.000          	0.000          	132.451        	120.153        	0.000          	
2009-04-01	RyeBioenergyBM 	3.005          	0.829          	0.000          	1.958          	0.218          	0.0000         	51.29          	51.29          	107.78         	0.056          	0.0046         	0.0000         	0.046          	0.034          	46.358         	9.712          	2.367          	
2009-08-29	Maize          	20.946         	2.880          	10.863         	0.000          	7.203          	0.6013         	381.80         	301.89         	164.29         	0.190          	0.0216         	0.1296         	0.000          	0.008          	129.553        	60.861         	0.000          	
2010-04-16	RyeBioenergyBS 	1.948          	0.520          	0.000          	1.285          	0.143          	0.0000         	66.08          	66.08          	127.75         	0.028          	0.0023         	0.0000         	0.023          	0.187          	23.471         	4.923          	1.827          	
2010-09-02	Soybean        	9.039          	1.135          	2.704          	0.000          	5.199          	0.3422         	397.44         	272.55         	157.36         	0.237          	0.0112         	0.1254         	0.000          	0.000          	125.409        	111.915        	0.000          	
2011-04-01	RyeBioenergyBM 	3.032          	0.868          	0.000          	1.948          	0.216          	0.0000         	54.75          	54.75          	125.42         	0.055          	0.0048         	0.0000         	0.045          	0.036          	45.210         	9.800          	2.321          	
2011-08-22	Maize          	15.326         	2.374          	7.556          	0.000          	5.396          	0.5834         	407.69         	240.37         	187.35         	0.163          	0.0186         	0.1094         	0.000          	0.000          	109.367        	53.464         	0.000          	
2012-04-16	RyeBioenergyBS 	4.016          	0.774          	0.000          	2.917          	0.324          	0.0000         	127.79         	125.54         	151.48         	0.045          	0.0033         	0.0000         	0.037          	0.259          	37.169         	7.443          	1.274          	
2012-08-29	Soybean        	8.570          	1.110          	2.564          	0.000          	4.896          	0.3437         	360.64         	245.83         	193.42         	0.237          	0.0109         	0.1256         	0.000          	0.000          	125.554        	110.984        	0.000          	
