DATE      	CROP           	TOTAL BIOMASS  	ROOT BIOMASS   	GRAIN YIELD    	FORAGE YIELD   	AG RESIDUE     	HARVEST INDEX  	POTENTIAL TR   	ACTUAL TR      	SOIL EVAP      	TOTAL N        	ROOT N         	GRAIN N        	FORAGE N       	CUM. N STRESS  	N IN HARVEST   	N IN RESIDUE   	N CONCN FORAGE 
YYYY-MM-DD	-              	Mg/ha          	Mg/ha          	Mg/ha          	Mg/ha          	Mg/ha          	Mg/Mg          	mm             	mm             	mm             	Mg/ha          	Mg/ha          	Mg/ha          	Mg/ha          	-              	kg/ha          	kg/ha          	%              
1984-09-24	Soybean        	10.883         	1.244          	3.248          	0.000          	6.390          	0.3370         	298.23         	298.23         	156.16         	0.306          	0.0123         	0.1611         	0.000          	0.000          	161.081        	145.173        	0.000          	
1985-04-28	RyeBioenergyBM 	3.891          	0.771          	0.000          	2.807          	0.312          	0.0000         	111.08         	111.08         	109.41         	0.053          	0.0038         	0.0000         	0.044          	0.196          	44.354         	8.701          	1.580          	
1985-09-25	Maize          	20.899         	2.738          	10.657         	0.000          	7.504          	0.5868         	387.86         	342.50         	151.13         	0.222          	0.0238         	0.1504         	0.000          	0.000          	150.442        	71.347         	0.000          	
1986-05-11	RyeBioenergyBS 	0.012          	0.005          	0.000          	0.006          	0.001          	0.0000         	6.85           	6.85           	153.20         	0.000          	0.0000         	0.0000         	0.000          	0.600          	0.178          	0.047          	2.908          	
1986-09-26	Soybean        	10.839         	1.315          	3.212          	0.000          	6.312          	0.3372         	317.64         	311.74         	108.83         	0.301          	0.0130         	0.1580         	0.000          	0.000          	158.013        	143.205        	0.000          	
1987-04-28	RyeBioenergyBM 	3.265          	0.762          	0.000          	2.253          	0.250          	0.0000         	79.86          	79.86          	122.15         	0.053          	0.0040         	0.0000         	0.044          	0.106          	44.288         	8.893          	1.966          	
1987-09-26	Maize          	17.529         	2.395          	8.391          	0.000          	6.742          	0.5545         	404.28         	304.81         	117.62         	0.220          	0.0224         	0.1469         	0.000          	0.000          	146.945        	73.525         	0.000          	
1988-05-11	RyeBioenergyBS 	1.035          	0.239          	0.000          	0.716          	0.080          	0.0000         	52.82          	52.82          	149.87         	0.016          	0.0011         	0.0000         	0.013          	0.301          	13.487         	2.561          	1.883          	
1988-09-28	Soybean        	9.066          	1.091          	2.722          	0.000          	5.253          	0.3413         	315.65         	272.81         	123.94         	0.255          	0.0108         	0.1348         	0.000          	0.000          	134.848        	119.667        	0.000          	
1989-04-28	RyeBioenergyBM 	2.686          	0.669          	0.000          	1.815          	0.202          	0.0000         	73.00          	73.00          	125.81         	0.041          	0.0032         	0.0000         	0.034          	0.109          	34.386         	7.063          	1.895          	
1989-09-25	Maize          	19.501         	2.609          	9.531          	0.000          	7.361          	0.5642         	350.08         	307.68         	134.47         	0.223          	0.0231         	0.1496         	0.000          	0.000          	149.554        	73.630         	0.000          	
1990-05-11	RyeBioenergyBS 	0.943          	0.187          	0.000          	0.680          	0.076          	0.0000         	57.19          	57.19          	149.36         	0.015          	0.0008         	0.0000         	0.012          	0.417          	12.489         	2.206          	1.837          	
1990-09-18	Soybean        	9.796          	1.214          	2.842          	0.000          	5.740          	0.3312         	290.87         	276.64         	110.93         	0.281          	0.0121         	0.1451         	0.000          	0.000          	145.143        	135.559        	0.000          	
1991-04-28	RyeBioenergyBM 	4.807          	0.940          	0.000          	3.480          	0.387          	0.0000         	112.55         	112.55         	117.47         	0.064          	0.0049         	0.0000         	0.053          	0.135          	53.486         	10.861         	1.537          	
1991-09-22	Maize          	16.096         	2.166          	8.083          	0.000          	5.847          	0.5803         	410.87         	281.32         	114.94         	0.210          	0.0184         	0.1448         	0.000          	0.000          	144.788        	65.063         	0.000          	
1992-05-11	RyeBioenergyBS 	1.022          	0.219          	0.000          	0.723          	0.080          	0.0000         	36.54          	36.54          	168.64         	0.019          	0.0011         	0.0000         	0.016          	0.303          	16.282         	2.901          	2.253          	
1992-09-28	Soybean        	10.687         	1.312          	3.158          	0.000          	6.218          	0.3368         	287.13         	287.13         	130.46         	0.301          	0.0130         	0.1579         	0.000          	0.000          	157.880        	143.433        	0.000          	
1993-04-28	RyeBioenergyBM 	2.384          	0.653          	0.000          	1.558          	0.173          	0.0000         	56.89          	56.89          	107.43         	0.042          	0.0033         	0.0000         	0.034          	0.086          	34.453         	7.095          	2.211          	
1993-09-24	Maize          	18.916         	2.720          	8.645          	0.000          	7.551          	0.5338         	402.92         	318.26         	115.42         	0.229          	0.0249         	0.1489         	0.000          	0.000          	148.861        	80.126         	0.000          	
1994-05-11	RyeBioenergyBS 	0.929          	0.223          	0.000          	0.635          	0.071          	0.0000         	45.81          	45.81          	128.46         	0.016          	0.0010         	0.0000         	0.013          	0.299          	13.235         	2.497          	2.084          	
1994-09-24	Soybean        	11.044         	1.270          	3.304          	0.000          	6.470          	0.3381         	298.04         	298.04         	122.30         	0.308          	0.0125         	0.1621         	0.000          	0.000          	162.107        	145.529        	0.000          	
1995-04-28	RyeBioenergyBM 	4.406          	0.858          	0.000          	3.194          	0.355          	0.0000         	106.38         	106.38         	112.16         	0.059          	0.0044         	0.0000         	0.050          	0.117          	49.597         	9.883          	1.553          	
1995-09-23	Maize          	15.559         	2.270          	6.928          	0.000          	6.361          	0.5213         	367.76         	262.41         	126.59         	0.226          	0.0220         	0.1473         	0.000          	0.000          	147.262        	78.767         	0.000          	
1996-05-11	RyeBioenergyBS 	1.065          	0.282          	0.000          	0.705          	0.078          	0.0000         	48.85          	48.85          	144.79         	0.018          	0.0013         	0.0000         	0.015          	0.271          	15.002         	2.958          	2.127          	
1996-09-20	Soybean        	10.885         	1.285          	3.221          	0.000          	6.380          	0.3355         	286.10         	285.88         	141.55         	0.303          	0.0127         	0.1584         	0.000          	0.000          	158.441        	144.426        	0.000          	
1997-04-28	RyeBioenergyBM 	3.687          	0.840          	0.000          	2.563          	0.285          	0.0000         	88.09          	88.09          	118.51         	0.052          	0.0040         	0.0000         	0.043          	0.121          	43.374         	8.862          	1.693          	
1997-09-28	Maize          	19.194         	2.505          	9.676          	0.000          	7.013          	0.5798         	397.19         	321.63         	135.05         	0.216          	0.0225         	0.1464         	0.000          	0.000          	146.393        	69.659         	0.000          	
1998-05-11	RyeBioenergyBS 	1.048          	0.202          	0.140          	0.636          	0.071          	0.1651         	49.79          	49.79          	164.29         	0.018          	0.0009         	0.0046         	0.011          	0.413          	15.651         	2.161          	1.742          	
1998-09-22	Soybean        	10.729         	1.240          	3.186          	0.000          	6.303          	0.3358         	310.30         	305.76         	131.41         	0.300          	0.0122         	0.1573         	0.000          	0.000          	157.318        	142.822        	0.000          	
1999-04-28	RyeBioenergyBM 	4.987          	0.982          	0.000          	3.604          	0.400          	0.0000         	117.20         	117.20         	96.18          	0.063          	0.0046         	0.0000         	0.053          	0.138          	52.815         	10.495         	1.465          	
1999-09-26	Maize          	15.674         	2.144          	7.860          	0.000          	5.670          	0.5809         	430.69         	269.78         	131.37         	0.212          	0.0196         	0.1459         	0.000          	0.000          	145.950        	66.540         	0.000          	
2000-05-11	RyeBioenergyBS 	1.739          	0.316          	0.253          	1.053          	0.117          	0.1778         	65.49          	65.49          	176.41         	0.028          	0.0015         	0.0078         	0.017          	0.335          	24.594         	3.360          	1.595          	
2000-09-25	Soybean        	10.499         	1.282          	3.069          	0.000          	6.148          	0.3330         	282.73         	273.57         	153.42         	0.295          	0.0127         	0.1534         	0.000          	0.000          	153.358        	141.905        	0.000          	
2001-04-28	RyeBioenergyBM 	2.810          	0.739          	0.000          	1.864          	0.207          	0.0000         	62.71          	62.71          	108.44         	0.046          	0.0037         	0.0000         	0.038          	0.088          	38.476         	8.017          	2.064          	
2001-09-27	Maize          	19.982         	2.796          	9.261          	0.000          	7.925          	0.5389         	413.15         	335.01         	136.11         	0.230          	0.0259         	0.1496         	0.000          	0.000          	149.611        	80.434         	0.000          	
2002-05-11	RyeBioenergyBS 	1.014          	0.146          	0.202          	0.600          	0.067          	0.2323         	44.67          	44.67          	173.35         	0.019          	0.0007         	0.0073         	0.010          	0.472          	17.580         	1.842          	1.711          	
2002-09-28	Soybean        	6.962          	1.015          	1.932          	0.000          	4.015          	0.3248         	371.43         	217.61         	110.81         	0.190          	0.0100         	0.0957         	0.000          	0.000          	95.716         	94.211         	0.000          	
2003-04-28	RyeBioenergyBM 	1.938          	0.577          	0.000          	1.225          	0.136          	0.0000         	53.78          	53.78          	130.16         	0.035          	0.0029         	0.0000         	0.029          	0.095          	29.076         	6.119          	2.374          	
2003-09-27	Maize          	21.628         	2.681          	11.159         	0.000          	7.788          	0.5890         	354.23         	345.17         	157.52         	0.222          	0.0233         	0.1513         	0.000          	0.000          	151.313        	70.818         	0.000          	
2004-05-11	RyeBioenergyBS 	0.739          	0.139          	0.000          	0.540          	0.060          	0.0000         	39.73          	39.73          	143.78         	0.013          	0.0006         	0.0000         	0.011          	0.419          	11.246         	1.891          	2.084          	
2004-09-20	Soybean        	10.806         	1.301          	3.190          	0.000          	6.315          	0.3356         	284.63         	284.63         	148.53         	0.303          	0.0128         	0.1584         	0.000          	0.000          	158.361        	144.402        	0.000          	
2005-04-28	RyeBioenergyBM 	4.081          	0.911          	0.000          	2.853          	0.317          	0.0000         	96.30          	96.30          	106.98         	0.058          	0.0045         	0.0000         	0.049          	0.097          	48.555         	9.925          	1.702          	
2005-09-23	Maize          	18.791         	2.646          	8.932          	0.000          	7.214          	0.5532         	384.13         	325.03         	112.16         	0.222          	0.0227         	0.1476         	0.000          	0.000          	147.618        	74.169         	0.000          	
2006-05-11	RyeBioenergyBS 	0.019          	0.008          	0.002          	0.009          	0.001          	0.1505         	8.09           	8.09           	173.63         	0.000          	0.0000         	0.0001         	0.000          	0.636          	0.323          	0.076          	2.747          	
2006-09-24	Soybean        	8.071          	1.071          	2.269          	0.000          	4.731          	0.3242         	295.88         	231.52         	141.27         	0.241          	0.0106         	0.1221         	0.000          	0.000          	122.110        	118.390        	0.000          	
2007-04-28	RyeBioenergyBM 	3.787          	0.810          	0.000          	2.679          	0.298          	0.0000         	93.96          	93.96          	111.88         	0.056          	0.0041         	0.0000         	0.047          	0.114          	47.116         	9.363          	1.759          	
2007-09-23	Maize          	23.059         	3.036          	11.448         	0.000          	8.575          	0.5718         	433.08         	387.98         	132.80         	0.223          	0.0258         	0.1486         	0.000          	0.000          	148.641        	74.829         	0.000          	
2008-05-11	RyeBioenergyBS 	0.728          	0.139          	0.000          	0.530          	0.059          	0.0000         	37.31          	37.31          	151.74         	0.013          	0.0007         	0.0000         	0.011          	0.397          	11.497         	1.928          	2.169          	
2008-09-25	Soybean        	10.590         	1.303          	3.090          	0.000          	6.197          	0.3327         	341.51         	307.00         	133.73         	0.293          	0.0129         	0.1522         	0.000          	0.000          	152.203        	141.288        	0.000          	
2009-04-28	RyeBioenergyBM 	3.141          	0.745          	0.000          	2.156          	0.240          	0.0000         	78.69          	78.69          	116.80         	0.049          	0.0037         	0.0000         	0.040          	0.108          	40.432         	8.156          	1.875          	
2009-09-24	Maize          	24.582         	3.017          	12.744         	0.000          	8.821          	0.5910         	382.94         	374.73         	161.85         	0.230          	0.0254         	0.1560         	0.000          	0.001          	155.998        	74.073         	0.000          	
2010-05-11	RyeBioenergyBS 	0.882          	0.158          	0.000          	0.651          	0.072          	0.0000         	52.84          	52.84          	146.02         	0.014          	0.0007         	0.0000         	0.012          	0.442          	12.423         	2.072          	1.908          	
2010-09-21	Soybean        	10.773         	1.314          	3.162          	0.000          	6.297          	0.3343         	353.57         	319.82         	93.88          	0.294          	0.0130         	0.1529         	0.000          	0.000          	152.909        	140.896        	0.000          	
2011-04-28	RyeBioenergyBM 	3.395          	0.855          	0.000          	2.285          	0.254          	0.0000         	80.73          	80.73          	118.95         	0.052          	0.0043         	0.0000         	0.043          	0.107          	43.134         	9.093          	1.887          	
2011-09-18	Maize          	22.116         	2.816          	11.276         	0.000          	8.024          	0.5843         	406.41         	360.91         	131.33         	0.227          	0.0251         	0.1531         	0.000          	0.000          	153.125        	73.831         	0.000          	
2012-05-11	RyeBioenergyBS 	1.248          	0.195          	0.244          	0.728          	0.081          	0.2320         	47.33          	47.33          	174.64         	0.023          	0.0009         	0.0087         	0.012          	0.454          	20.858         	2.293          	1.674          	
2012-09-19	Soybean        	9.762          	1.176          	2.913          	0.000          	5.673          	0.3393         	329.33         	282.46         	138.12         	0.266          	0.0116         	0.1400         	0.000          	0.000          	140.047        	125.779        	0.000          	
