DATE      	CROP           	TOTAL BIOMASS  	ROOT BIOMASS   	GRAIN YIELD    	FORAGE YIELD   	AG RESIDUE     	HARVEST INDEX  	POTENTIAL TR   	ACTUAL TR      	SOIL EVAP      	TOTAL N        	ROOT N         	GRAIN N        	FORAGE N       	CUM. N STRESS  	N IN HARVEST   	N IN RESIDUE   	N CONCN FORAGE 
YYYY-MM-DD	-              	Mg/ha          	Mg/ha          	Mg/ha          	Mg/ha          	Mg/ha          	Mg/Mg          	mm             	mm             	mm             	Mg/ha          	Mg/ha          	Mg/ha          	Mg/ha          	-              	kg/ha          	kg/ha          	%              
1984-09-05	Soybean        	10.544         	1.231          	3.245          	0.000          	6.069          	0.3484         	322.79         	303.88         	159.86         	0.296          	0.0121         	0.1595         	0.000          	0.000          	159.507        	136.260        	0.000          	
1985-04-01	RyeBioenergyBM 	5.069          	1.148          	0.000          	3.528          	0.392          	0.0000         	88.07          	88.07          	78.29          	0.084          	0.0064         	0.0000         	0.070          	0.035          	69.823         	14.152         	1.979          	
1985-09-01	Maize          	19.256         	2.691          	9.737          	4.575          	2.253          	0.5878         	435.34         	322.08         	127.86         	0.189          	0.0223         	0.1270         	0.027          	0.000          	153.809        	35.533         	0.586          	
1986-04-15	Triticale      	4.880          	0.967          	0.000          	0.000          	3.913          	0.0000         	88.43          	88.43          	118.71         	0.085          	0.0055         	0.0000         	0.000          	0.030          	0.000          	85.227         	0.000          	
1986-09-02	Soybean        	8.207          	1.000          	2.479          	0.000          	4.727          	0.3440         	316.98         	251.08         	125.56         	0.237          	0.0098         	0.1266         	0.000          	0.000          	126.555        	110.549        	0.000          	
1987-04-01	RyeBioenergyBM 	2.451          	0.735          	0.000          	1.545          	0.172          	0.0000         	40.22          	40.22          	107.45         	0.062          	0.0049         	0.0000         	0.051          	0.011          	51.155         	10.575         	3.311          	
1987-09-02	Maize          	12.229         	2.098          	5.460          	3.130          	1.541          	0.5390         	392.87         	215.47         	173.79         	0.189          	0.0206         	0.1236         	0.030          	0.000          	153.812        	35.526         	0.965          	
1988-04-15	Triticale      	5.062          	1.148          	0.000          	0.000          	3.914          	0.0000         	84.20          	84.20          	130.62         	0.098          	0.0074         	0.0000         	0.000          	0.010          	0.000          	98.240         	0.000          	
1988-09-10	Soybean        	7.515          	0.925          	2.288          	0.000          	4.302          	0.3472         	349.09         	231.97         	152.36         	0.193          	0.0091         	0.1033         	0.000          	0.000          	103.325        	90.010         	0.000          	
1989-04-01	RyeBioenergyBM 	2.859          	0.810          	0.000          	1.844          	0.205          	0.0000         	50.86          	50.86          	120.87         	0.069          	0.0056         	0.0000         	0.057          	0.012          	57.394         	11.930         	3.112          	
1989-09-03	Maize          	20.956         	2.654          	11.329         	4.673          	2.301          	0.6190         	358.52         	340.83         	176.33         	0.193          	0.0206         	0.1337         	0.026          	0.034          	159.495        	33.321         	0.553          	
1990-04-15	Triticale      	5.272          	1.102          	0.000          	0.000          	4.170          	0.0000         	100.40         	100.40         	119.66         	0.081          	0.0061         	0.0000         	0.000          	0.046          	0.000          	81.223         	0.000          	
1990-09-04	Soybean        	10.422         	1.280          	3.131          	0.000          	6.011          	0.3425         	338.72         	303.46         	144.75         	0.285          	0.0126         	0.1512         	0.000          	0.000          	151.166        	133.786        	0.000          	
1991-04-01	RyeBioenergyBM 	4.691          	1.039          	0.000          	3.287          	0.365          	0.0000         	74.37          	74.37          	114.88         	0.092          	0.0067         	0.0000         	0.077          	0.014          	76.631         	15.188         	2.331          	
1991-09-01	Maize          	15.404         	2.076          	8.232          	3.414          	1.682          	0.6176         	399.28         	275.28         	157.01         	0.195          	0.0179         	0.1374         	0.027          	0.000          	164.042        	30.986         	0.781          	
1992-04-15	Triticale      	5.100          	1.086          	0.000          	0.000          	4.014          	0.0000         	81.54          	81.54          	126.04         	0.088          	0.0062         	0.0000         	0.000          	0.022          	0.000          	87.597         	0.000          	
1992-09-11	Soybean        	10.274         	1.266          	3.104          	0.000          	5.904          	0.3446         	326.42         	295.26         	143.21         	0.286          	0.0124         	0.1525         	0.000          	0.000          	152.522        	133.457        	0.000          	
1993-04-01	RyeBioenergyBM 	2.152          	0.637          	0.000          	1.364          	0.152          	0.0000         	29.54          	29.54          	109.46         	0.065          	0.0049         	0.0000         	0.054          	0.001          	54.373         	10.896         	3.986          	
1993-09-07	Maize          	13.937         	2.161          	7.007          	3.195          	1.574          	0.5950         	460.84         	249.72         	182.60         	0.195          	0.0212         	0.1325         	0.027          	0.000          	159.856        	34.738         	0.857          	
1994-04-15	Triticale      	3.065          	0.889          	0.000          	0.000          	2.176          	0.0000         	55.67          	55.67          	131.82         	0.066          	0.0054         	0.0000         	0.000          	0.026          	0.000          	66.016         	0.000          	
1994-09-04	Soybean        	9.593          	1.130          	2.931          	0.000          	5.532          	0.3463         	306.06         	272.55         	150.71         	0.273          	0.0111         	0.1465         	0.000          	0.000          	146.500        	126.330        	0.000          	
1995-04-01	RyeBioenergyBM 	4.607          	0.964          	0.000          	3.279          	0.364          	0.0000         	70.34          	70.34          	105.90         	0.094          	0.0061         	0.0000         	0.079          	0.007          	79.340         	14.925         	2.420          	
1995-09-04	Maize          	15.504         	2.309          	7.945          	3.517          	1.732          	0.6022         	382.10         	260.09         	160.11         	0.197          	0.0210         	0.1354         	0.027          	0.000          	162.800        	34.479         	0.780          	
1996-04-15	Triticale      	2.954          	0.894          	0.000          	0.000          	2.060          	0.0000         	48.06          	48.06          	134.14         	0.065          	0.0055         	0.0000         	0.000          	0.015          	0.000          	65.076         	0.000          	
1996-09-05	Soybean        	11.791         	1.362          	3.623          	0.000          	6.806          	0.3474         	328.76         	328.65         	148.47         	0.319          	0.0134         	0.1714         	0.000          	0.000          	171.413        	147.496        	0.000          	
1997-04-01	RyeBioenergyBM 	3.418          	0.933          	0.000          	2.236          	0.248          	0.0000         	50.59          	50.59          	112.43         	0.075          	0.0059         	0.0000         	0.062          	0.011          	62.023         	12.791         	2.774          	
1997-09-17	Maize          	14.107         	2.099          	7.141          	3.261          	1.606          	0.5947         	423.02         	236.09         	192.11         	0.193          	0.0201         	0.1323         	0.027          	0.000          	159.648        	33.622         	0.839          	
1998-04-15	Triticale      	5.098          	1.169          	0.000          	0.000          	3.929          	0.0000         	90.71          	90.71          	116.57         	0.086          	0.0066         	0.0000         	0.000          	0.029          	0.000          	86.388         	0.000          	
1998-09-05	Soybean        	8.789          	1.194          	2.583          	0.000          	5.012          	0.3401         	336.06         	260.32         	142.61         	0.262          	0.0117         	0.1381         	0.000          	0.000          	138.096        	123.857        	0.000          	
1999-04-01	RyeBioenergyBM 	4.554          	1.050          	0.000          	3.154          	0.350          	0.0000         	72.73          	72.73          	88.09          	0.084          	0.0062         	0.0000         	0.070          	0.015          	70.411         	14.072         	2.232          	
1999-09-07	Maize          	13.087         	2.018          	6.434          	3.105          	1.529          	0.5813         	420.87         	247.38         	183.83         	0.196          	0.0192         	0.1336         	0.029          	0.000          	162.370        	33.315         	0.926          	
2000-04-15	Triticale      	6.587          	1.273          	0.000          	0.000          	5.314          	0.0000         	115.40         	115.40         	130.41         	0.101          	0.0072         	0.0000         	0.000          	0.029          	0.000          	101.231        	0.000          	
2000-09-06	Soybean        	10.760         	1.260          	3.302          	0.000          	6.198          	0.3476         	312.04         	307.00         	137.26         	0.300          	0.0124         	0.1614         	0.000          	0.000          	161.385        	138.511        	0.000          	
2001-04-01	RyeBioenergyBM 	1.711          	0.573          	0.000          	1.025          	0.114          	0.0000         	23.25          	23.25          	101.20         	0.062          	0.0052         	0.0000         	0.051          	0.000          	51.487         	10.909         	5.023          	
2001-09-03	Maize          	21.839         	2.888          	11.607         	4.921          	2.424          	0.6125         	398.80         	351.11         	133.37         	0.227          	0.0250         	0.1561         	0.031          	0.000          	186.880        	40.181         	0.625          	
2002-04-15	Triticale      	4.827          	0.759          	0.000          	0.000          	4.069          	0.0000         	80.50          	80.50          	129.07         	0.091          	0.0044         	0.0000         	0.000          	0.109          	0.000          	91.013         	0.000          	
2002-09-08	Soybean        	7.701          	1.099          	2.182          	0.000          	4.420          	0.3305         	352.27         	233.20         	152.72         	0.220          	0.0108         	0.1127         	0.000          	0.000          	112.728        	107.051        	0.000          	
2003-04-01	RyeBioenergyBM 	1.515          	0.532          	0.000          	0.885          	0.098          	0.0000         	23.33          	23.33          	107.22         	0.044          	0.0040         	0.0000         	0.036          	0.001          	35.917         	8.000          	4.059          	
2003-09-06	Maize          	21.677         	2.663          	11.843         	4.805          	2.366          	0.6229         	347.35         	329.33         	167.61         	0.208          	0.0219         	0.1450         	0.028          	0.001          	172.682        	35.591         	0.577          	
2004-04-15	Triticale      	4.001          	0.997          	0.000          	0.000          	3.004          	0.0000         	67.84          	67.84          	95.98          	0.076          	0.0059         	0.0000         	0.000          	0.028          	0.000          	76.003         	0.000          	
2004-08-28	Soybean        	11.527         	1.315          	3.556          	0.000          	6.656          	0.3482         	299.74         	299.74         	153.71         	0.315          	0.0129         	0.1695         	0.000          	0.000          	169.519        	144.988        	0.000          	
2005-04-01	RyeBioenergyBM 	3.087          	0.822          	0.000          	2.039          	0.227          	0.0000         	42.19          	42.19          	105.49         	0.088          	0.0064         	0.0000         	0.074          	0.000          	73.632         	14.579         	3.612          	
2005-09-08	Maize          	22.178         	2.812          	12.038         	4.910          	2.418          	0.6216         	400.95         	355.52         	155.66         	0.210          	0.0232         	0.1451         	0.028          	0.009          	172.917        	36.946         	0.567          	
2006-04-15	Triticale      	4.613          	1.041          	0.000          	0.000          	3.572          	0.0000         	89.23          	89.23          	117.30         	0.072          	0.0055         	0.0000         	0.000          	0.057          	0.000          	72.227         	0.000          	
2006-09-05	Soybean        	10.648         	1.362          	3.188          	0.000          	6.099          	0.3433         	352.96         	311.84         	117.60         	0.297          	0.0134         	0.1578         	0.000          	0.000          	157.798        	139.434        	0.000          	
2007-04-01	RyeBioenergyBM 	3.758          	0.904          	0.000          	2.569          	0.285          	0.0000         	60.29          	60.29          	99.11          	0.084          	0.0060         	0.0000         	0.070          	0.007          	70.114         	13.817         	2.729          	
2007-09-05	Maize          	17.403         	2.525          	8.820          	4.059          	1.999          	0.5928         	460.24         	309.03         	155.84         	0.205          	0.0229         	0.1391         	0.029          	0.000          	168.097        	37.197         	0.713          	
2008-04-15	Triticale      	5.167          	1.106          	0.000          	0.000          	4.061          	0.0000         	94.05          	94.03          	98.88          	0.074          	0.0055         	0.0000         	0.000          	0.066          	0.000          	74.304         	0.000          	
2008-09-05	Soybean        	9.148          	1.262          	2.668          	0.000          	5.218          	0.3383         	375.14         	271.59         	124.96         	0.261          	0.0124         	0.1365         	0.000          	0.000          	136.525        	124.320        	0.000          	
2009-04-01	RyeBioenergyBM 	3.801          	0.996          	0.000          	2.525          	0.281          	0.0000         	53.00          	53.00          	107.48         	0.088          	0.0067         	0.0000         	0.073          	0.002          	73.495         	14.834         	2.911          	
2009-08-29	Maize          	21.092         	2.885          	10.965         	4.852          	2.390          	0.6022         	383.08         	302.67         	163.67         	0.204          	0.0237         	0.1381         	0.028          	0.000          	166.093        	37.443         	0.577          	
2010-04-15	Triticale      	5.685          	1.304          	0.000          	0.000          	4.381          	0.0000         	108.89         	108.89         	112.67         	0.087          	0.0070         	0.0000         	0.000          	0.043          	0.000          	87.064         	0.000          	
2010-09-02	Soybean        	9.512          	1.194          	2.836          	0.000          	5.482          	0.3409         	400.28         	288.07         	132.80         	0.253          	0.0117         	0.1334         	0.000          	0.000          	133.413        	119.619        	0.000          	
2011-04-01	RyeBioenergyBM 	3.916          	1.061          	0.000          	2.570          	0.286          	0.0000         	56.99          	56.99          	124.08         	0.088          	0.0071         	0.0000         	0.073          	0.003          	72.863         	15.183         	2.835          	
2011-08-22	Maize          	15.372         	2.380          	7.579          	3.627          	1.786          	0.5834         	408.00         	241.11         	187.87         	0.185          	0.0212         	0.1241         	0.027          	0.000          	150.637        	34.294         	0.732          	
2012-04-15	Triticale      	8.758          	1.499          	0.000          	0.000          	7.259          	0.0000         	169.27         	164.10         	126.25         	0.104          	0.0076         	0.0000         	0.000          	0.093          	0.000          	103.928        	0.000          	
2012-08-29	Soybean        	10.223         	1.336          	3.020          	0.000          	5.867          	0.3398         	385.12         	298.36         	119.74         	0.280          	0.0131         	0.1472         	0.000          	0.000          	147.157        	132.775        	0.000          	
