DATE      	CROP           	TOTAL BIOMASS  	ROOT BIOMASS   	GRAIN YIELD    	FORAGE YIELD   	AG RESIDUE     	HARVEST INDEX  	POTENTIAL TR   	ACTUAL TR      	SOIL EVAP      	TOTAL N        	ROOT N         	GRAIN N        	FORAGE N       	CUM. N STRESS  	N IN HARVEST   	N IN RESIDUE   	N CONCN FORAGE 
YYYY-MM-DD	-              	Mg/ha          	Mg/ha          	Mg/ha          	Mg/ha          	Mg/ha          	Mg/Mg          	mm             	mm             	mm             	Mg/ha          	Mg/ha          	Mg/ha          	Mg/ha          	-              	kg/ha          	kg/ha          	%              
1984-09-27	Maize          	22.374         	2.698          	11.618         	5.399          	2.659          	0.5904         	364.20         	358.74         	170.42         	0.221          	0.0225         	0.1513         	0.032          	0.000          	183.002        	38.120         	0.587          	
1985-05-10	Triticale      	8.639          	1.352          	0.000          	0.000          	7.287          	0.0000         	188.99         	188.98         	102.89         	0.104          	0.0073         	0.0000         	0.000          	0.107          	0.000          	104.051        	0.000          	
1985-09-26	Soybean        	10.881         	1.311          	3.192          	0.000          	6.378          	0.3336         	321.55         	311.44         	117.58         	0.302          	0.0129         	0.1571         	0.000          	0.000          	157.061        	144.871        	0.000          	
1986-04-28	RyeBioenergyBM 	5.660          	1.076          	0.000          	4.126          	0.458          	0.0000         	109.64         	109.64         	98.79          	0.094          	0.0063         	0.0000         	0.079          	0.047          	78.893         	15.084         	1.912          	
1986-09-24	Maize          	21.609         	2.752          	11.239         	5.104          	2.514          	0.5960         	387.38         	362.77         	110.80         	0.244          	0.0230         	0.1689         	0.035          	0.000          	203.757        	40.109         	0.682          	
1987-05-10	Triticale      	7.047          	1.271          	0.000          	0.000          	5.776          	0.0000         	128.67         	128.67         	149.89         	0.112          	0.0077         	0.0000         	0.000          	0.025          	0.000          	112.048        	0.000          	
1987-09-27	Soybean        	8.890          	1.102          	2.542          	0.000          	5.246          	0.3264         	308.49         	268.91         	105.11         	0.263          	0.0109         	0.1344         	0.000          	0.000          	134.390        	128.123        	0.000          	
1988-04-28	RyeBioenergyBM 	5.001          	1.131          	0.000          	3.483          	0.387          	0.0000         	87.81          	87.81          	121.75         	0.090          	0.0068         	0.0000         	0.074          	0.026          	74.415         	15.091         	2.136          	
1988-09-28	Maize          	17.700         	2.194          	9.473          	4.042          	1.991          	0.6110         	390.01         	307.43         	155.93         	0.224          	0.0180         	0.1591         	0.031          	0.000          	190.541        	33.491         	0.778          	
1989-05-10	Triticale      	6.214          	1.211          	0.000          	0.000          	5.003          	0.0000         	112.20         	112.20         	141.86         	0.114          	0.0079         	0.0000         	0.000          	0.014          	0.000          	114.037        	0.000          	
1989-09-25	Soybean        	9.565          	1.194          	2.761          	0.000          	5.609          	0.3298         	283.34         	257.90         	113.69         	0.281          	0.0118         	0.1452         	0.000          	0.000          	145.165        	136.124        	0.000          	
1990-04-28	RyeBioenergyBM 	6.059          	1.197          	0.000          	4.376          	0.486          	0.0000         	109.12         	109.12         	114.36         	0.100          	0.0072         	0.0000         	0.084          	0.030          	83.567         	16.506         	1.910          	
1990-09-18	Maize          	19.130         	2.484          	9.631          	4.700          	2.315          	0.5786         	355.09         	313.11         	139.98         	0.231          	0.0215         	0.1579         	0.034          	0.000          	192.163        	38.343         	0.728          	
1991-05-10	Triticale      	8.607          	1.331          	0.000          	0.000          	7.276          	0.0000         	154.89         	154.89         	134.12         	0.119          	0.0080         	0.0000         	0.000          	0.059          	0.000          	118.692        	0.000          	
1991-09-22	Soybean        	8.478          	1.087          	2.450          	0.000          	4.941          	0.3314         	337.89         	257.98         	88.25          	0.239          	0.0108         	0.1236         	0.000          	0.000          	123.642        	115.810        	0.000          	
1992-04-28	RyeBioenergyBM 	4.808          	1.019          	0.000          	3.410          	0.379          	0.0000         	73.72          	73.72          	116.02         	0.093          	0.0063         	0.0000         	0.078          	0.022          	77.794         	14.979         	2.281          	
1992-09-28	Maize          	22.551         	2.928          	11.554         	5.406          	2.663          	0.5888         	356.79         	355.34         	140.03         	0.239          	0.0252         	0.1629         	0.034          	0.000          	197.152        	42.052         	0.634          	
1993-05-10	Triticale      	5.605          	1.200          	0.000          	0.000          	4.405          	0.0000         	107.28         	107.28         	133.23         	0.095          	0.0071         	0.0000         	0.000          	0.040          	0.000          	95.433         	0.000          	
1993-09-25	Soybean        	10.023         	1.304          	2.824          	0.000          	5.895          	0.3239         	323.65         	290.23         	102.36         	0.285          	0.0129         	0.1446         	0.000          	0.000          	144.646        	140.812        	0.000          	
1994-04-28	RyeBioenergyBM 	4.597          	1.125          	0.000          	3.125          	0.347          	0.0000         	85.73          	85.73          	104.97         	0.084          	0.0066         	0.0000         	0.070          	0.031          	69.890         	14.414         	2.237          	
1994-09-26	Maize          	23.519         	2.830          	12.314         	5.611          	2.764          	0.5952         	371.45         	371.45         	139.12         	0.264          	0.0257         	0.1824         	0.038          	0.000          	220.033        	44.264         	0.672          	
1995-05-10	Triticale      	7.944          	1.239          	0.000          	0.000          	6.705          	0.0000         	143.63         	143.63         	137.66         	0.112          	0.0071         	0.0000         	0.000          	0.051          	0.000          	112.269        	0.000          	
1995-09-23	Soybean        	7.652          	1.003          	2.165          	0.000          	4.483          	0.3257         	283.09         	222.72         	109.75         	0.241          	0.0099         	0.1235         	0.000          	0.000          	123.452        	118.029        	0.000          	
1996-04-28	RyeBioenergyBM 	4.334          	1.129          	0.000          	2.884          	0.320          	0.0000         	79.72          	79.72          	120.94         	0.080          	0.0067         	0.0000         	0.066          	0.037          	65.701         	13.954         	2.278          	
1996-09-22	Maize          	23.113         	2.863          	11.796         	5.664          	2.790          	0.5825         	360.18         	353.56         	152.05         	0.248          	0.0251         	0.1689         	0.036          	0.000          	205.131        	42.892         	0.639          	
1997-05-10	Triticale      	7.171          	1.322          	0.000          	0.000          	5.849          	0.0000         	135.81         	135.81         	139.35         	0.099          	0.0072         	0.0000         	0.000          	0.072          	0.000          	98.660         	0.000          	
1997-09-28	Soybean        	10.077         	1.237          	2.949          	0.000          	5.891          	0.3336         	322.35         	294.46         	110.43         	0.280          	0.0123         	0.1453         	0.000          	0.000          	145.278        	134.309        	0.000          	
1998-04-28	RyeBioenergyBM 	6.560          	1.222          	0.000          	4.805          	0.534          	0.0000         	115.33         	115.33         	107.68         	0.103          	0.0072         	0.0000         	0.086          	0.052          	86.013         	16.755         	1.790          	
1998-09-21	Maize          	22.881         	2.780          	11.803         	5.560          	2.739          	0.5872         	388.83         	375.38         	127.29         	0.244          	0.0241         	0.1671         	0.035          	0.000          	202.405        	41.546         	0.635          	
1999-05-10	Triticale      	9.209          	1.458          	0.000          	0.000          	7.751          	0.0000         	165.52         	165.52         	107.98         	0.119          	0.0083         	0.0000         	0.000          	0.066          	0.000          	119.120        	0.000          	
1999-09-27	Soybean        	8.009          	1.009          	2.334          	0.000          	4.666          	0.3334         	350.92         	240.41         	107.01         	0.213          	0.0100         	0.1105         	0.000          	0.000          	110.499        	102.873        	0.000          	
2000-04-28	RyeBioenergyBM 	6.449          	1.151          	0.000          	4.769          	0.530          	0.0000         	117.14         	117.14         	113.74         	0.102          	0.0068         	0.0000         	0.086          	0.047          	85.835         	16.329         	1.800          	
2000-09-24	Maize          	22.035         	2.834          	10.951         	5.527          	2.722          	0.5703         	360.92         	335.26         	144.37         	0.221          	0.0233         	0.1488         	0.033          	0.000          	181.865        	39.542         	0.598          	
2001-05-10	Triticale      	6.384          	1.287          	0.000          	0.000          	5.097          	0.0000         	119.70         	119.70         	127.28         	0.107          	0.0079         	0.0000         	0.000          	0.021          	0.000          	106.983        	0.000          	
2001-09-27	Soybean        	10.250         	1.323          	2.899          	0.000          	6.029          	0.3247         	338.89         	300.02         	117.61         	0.288          	0.0131         	0.1460         	0.000          	0.000          	145.981        	141.577        	0.000          	
2002-04-28	RyeBioenergyBM 	7.001          	1.075          	0.910          	4.515          	0.502          	0.1535         	128.86         	128.86         	104.05         	0.112          	0.0065         	0.0263         	0.071          	0.058          	97.294         	14.419         	1.573          	
2002-09-28	Maize          	13.587         	2.147          	6.309          	3.438          	1.694          	0.5514         	441.05         	243.57         	138.80         	0.198          	0.0203         	0.1315         	0.031          	0.000          	162.475        	35.494         	0.899          	
2003-05-10	Triticale      	5.557          	1.293          	0.000          	0.000          	4.264          	0.0000         	108.49         	108.49         	138.04         	0.102          	0.0082         	0.0000         	0.000          	0.032          	0.000          	102.335        	0.000          	
2003-09-26	Soybean        	10.458         	1.242          	3.084          	0.000          	6.131          	0.3347         	287.01         	285.04         	123.85         	0.298          	0.0122         	0.1557         	0.000          	0.000          	155.691        	142.260        	0.000          	
2004-04-28	RyeBioenergyBM 	5.616          	1.143          	0.000          	4.025          	0.447          	0.0000         	94.38          	94.38          	101.37         	0.099          	0.0069         	0.0000         	0.083          	0.031          	82.723         	16.126         	2.055          	
2004-09-17	Maize          	23.250         	2.951          	11.890         	5.634          	2.775          	0.5858         	359.75         	359.75         	143.17         	0.263          	0.0270         	0.1792         	0.038          	0.000          	217.236        	45.765         	0.675          	
2005-05-10	Triticale      	7.467          	1.346          	0.000          	0.000          	6.121          	0.0000         	135.67         	135.67         	127.69         	0.111          	0.0079         	0.0000         	0.000          	0.040          	0.000          	111.132        	0.000          	
2005-09-23	Soybean        	9.860          	1.266          	2.834          	0.000          	5.761          	0.3297         	326.87         	292.36         	87.33          	0.285          	0.0125         	0.1466         	0.000          	0.000          	146.632        	138.161        	0.000          	
2006-04-28	RyeBioenergyBM 	6.464          	1.164          	0.000          	4.770          	0.530          	0.0000         	120.82         	120.82         	111.46         	0.101          	0.0068         	0.0000         	0.084          	0.052          	84.489         	16.206         	1.771          	
2006-09-25	Maize          	17.397         	2.486          	7.912          	4.689          	2.310          	0.5306         	384.62         	289.26         	141.41         	0.232          	0.0236         	0.1518         	0.038          	0.000          	189.939        	42.352         	0.812          	
2007-05-10	Triticale      	7.862          	1.275          	0.000          	0.000          	6.588          	0.0000         	145.91         	145.91         	128.04         	0.119          	0.0079         	0.0000         	0.000          	0.032          	0.000          	119.442        	0.000          	
2007-09-25	Soybean        	11.790         	1.435          	3.437          	0.000          	6.918          	0.3319         	356.04         	342.72         	114.90         	0.318          	0.0142         	0.1644         	0.000          	0.000          	164.439        	153.490        	0.000          	
2008-04-28	RyeBioenergyBM 	5.960          	1.210          	0.000          	4.275          	0.475          	0.0000         	105.55         	105.55         	108.74         	0.097          	0.0072         	0.0000         	0.081          	0.050          	81.141         	16.222         	1.898          	
2008-09-26	Maize          	20.059         	2.730          	9.757          	5.074          	2.499          	0.5630         	410.52         	334.19         	154.89         	0.232          	0.0248         	0.1547         	0.035          	0.000          	189.783        	42.055         	0.692          	
2009-05-10	Triticale      	7.166          	1.353          	0.000          	0.000          	5.813          	0.0000         	125.92         	125.92         	134.56         	0.114          	0.0081         	0.0000         	0.000          	0.032          	0.000          	114.468        	0.000          	
2009-09-24	Soybean        	11.988         	1.409          	3.541          	0.000          	7.038          	0.3347         	314.57         	314.57         	120.80         	0.324          	0.0139         	0.1690         	0.000          	0.000          	169.044        	155.021        	0.000          	
2010-04-28	RyeBioenergyBM 	6.997          	1.346          	0.000          	5.086          	0.565          	0.0000         	130.34         	130.34         	95.45          	0.109          	0.0080         	0.0000         	0.091          	0.043          	90.968         	18.096         	1.789          	
2010-09-22	Maize          	20.650         	2.714          	10.311         	5.109          	2.516          	0.5749         	422.82         	353.48         	111.46         	0.242          	0.0240         	0.1639         	0.036          	0.000          	199.883        	41.692         	0.703          	
2011-05-10	Triticale      	7.362          	1.427          	0.000          	0.000          	5.935          	0.0000         	131.16         	131.16         	145.77         	0.113          	0.0086         	0.0000         	0.000          	0.034          	0.000          	113.421        	0.000          	
2011-09-19	Soybean        	11.028         	1.325          	3.234          	0.000          	6.469          	0.3333         	334.83         	312.89         	105.48         	0.300          	0.0131         	0.1560         	0.000          	0.000          	155.981        	144.292        	0.000          	
2012-04-28	RyeBioenergyBM 	9.351          	1.411          	1.454          	5.837          	0.649          	0.1831         	158.45         	158.45         	111.77         	0.126          	0.0084         	0.0359         	0.074          	0.054          	109.742        	16.622         	1.265          	
2012-09-18	Maize          	18.735         	2.430          	9.846          	4.327          	2.131          	0.6039         	407.07         	307.86         	161.55         	0.220          	0.0213         	0.1524         	0.031          	0.000          	183.091        	36.476         	0.710          	
