DATE      	CROP           	TOTAL BIOMASS  	ROOT BIOMASS   	GRAIN YIELD    	FORAGE YIELD   	AG RESIDUE     	HARVEST INDEX  	POTENTIAL TR   	ACTUAL TR      	SOIL EVAP      	TOTAL N        	ROOT N         	GRAIN N        	FORAGE N       	CUM. N STRESS  	N IN HARVEST   	N IN RESIDUE   	N CONCN FORAGE 
YYYY-MM-DD	-              	Mg/ha          	Mg/ha          	Mg/ha          	Mg/ha          	Mg/ha          	Mg/Mg          	mm             	mm             	mm             	Mg/ha          	Mg/ha          	Mg/ha          	Mg/ha          	-              	kg/ha          	kg/ha          	%              
1984-09-24	Soybean        	10.883         	1.244          	3.248          	0.000          	6.390          	0.3370         	298.23         	298.23         	158.52         	0.307          	0.0123         	0.1613         	0.000          	0.000          	161.313        	145.364        	0.000          	
1985-04-28	RyeBioenergyBM 	6.831          	1.222          	0.000          	5.048          	0.561          	0.0000         	142.29         	142.29         	85.19          	0.095          	0.0069         	0.0000         	0.080          	0.086          	79.738         	15.749         	1.579          	
1985-09-25	Maize          	20.849         	2.736          	10.625         	5.017          	2.471          	0.5866         	387.76         	341.63         	152.64         	0.229          	0.0235         	0.1562         	0.033          	0.000          	189.287        	39.842         	0.659          	
1986-05-10	Triticale      	7.576          	1.236          	0.000          	0.000          	6.340          	0.0000         	158.44         	158.44         	124.39         	0.107          	0.0070         	0.0000         	0.000          	0.057          	0.000          	106.717        	0.000          	
1986-09-26	Soybean        	10.566         	1.277          	3.142          	0.000          	6.148          	0.3382         	314.68         	302.41         	93.74          	0.293          	0.0126         	0.1541         	0.000          	0.000          	154.127        	138.957        	0.000          	
1987-04-28	RyeBioenergyBM 	5.141          	1.090          	0.000          	3.646          	0.405          	0.0000         	89.19          	89.19          	119.59         	0.097          	0.0069         	0.0000         	0.081          	0.021          	81.364         	15.896         	2.232          	
1987-09-26	Maize          	17.548         	2.398          	8.395          	4.526          	2.229          	0.5541         	404.31         	305.24         	119.55         	0.227          	0.0224         	0.1517         	0.035          	0.000          	187.081        	39.831         	0.782          	
1988-05-10	Triticale      	6.870          	1.352          	0.000          	0.000          	5.517          	0.0000         	119.29         	119.29         	143.15         	0.112          	0.0081         	0.0000         	0.000          	0.023          	0.000          	111.607        	0.000          	
1988-09-28	Soybean        	9.174          	1.106          	2.753          	0.000          	5.316          	0.3412         	317.91         	276.29         	109.41         	0.257          	0.0110         	0.1362         	0.000          	0.000          	136.154        	120.929        	0.000          	
1989-04-28	RyeBioenergyBM 	4.761          	1.049          	0.000          	3.341          	0.371          	0.0000         	85.80          	85.80          	121.10         	0.088          	0.0064         	0.0000         	0.073          	0.018          	73.094         	14.502         	2.188          	
1989-09-25	Maize          	19.537         	2.610          	9.557          	4.938          	2.432          	0.5646         	350.20         	308.23         	134.81         	0.237          	0.0239         	0.1596         	0.036          	0.000          	195.665        	41.678         	0.730          	
1990-05-10	Triticale      	7.590          	1.328          	0.000          	0.000          	6.262          	0.0000         	145.42         	145.42         	135.82         	0.113          	0.0078         	0.0000         	0.000          	0.047          	0.000          	112.621        	0.000          	
1990-09-18	Soybean        	9.970          	1.238          	2.891          	0.000          	5.841          	0.3311         	293.51         	281.89         	93.10          	0.286          	0.0123         	0.1480         	0.000          	0.000          	147.953        	138.255        	0.000          	
1991-04-28	RyeBioenergyBM 	7.096          	1.233          	0.000          	5.276          	0.586          	0.0000         	118.31         	118.31         	114.56         	0.114          	0.0077         	0.0000         	0.095          	0.032          	95.343         	18.328         	1.807          	
1991-09-22	Maize          	16.042         	2.160          	8.055          	3.904          	1.923          	0.5803         	410.14         	280.60         	116.40         	0.210          	0.0179         	0.1456         	0.031          	0.001          	176.954        	33.330         	0.804          	
1992-05-10	Triticale      	6.766          	1.211          	0.000          	0.000          	5.556          	0.0000         	103.67         	103.67         	139.25         	0.120          	0.0080         	0.0000         	0.000          	0.011          	0.000          	120.146        	0.000          	
1992-09-28	Soybean        	10.687         	1.312          	3.158          	0.000          	6.218          	0.3368         	287.13         	287.13         	112.93         	0.302          	0.0130         	0.1582         	0.000          	0.000          	158.237        	143.728        	0.000          	
1993-04-28	RyeBioenergyBM 	3.911          	0.983          	0.000          	2.635          	0.293          	0.0000         	65.64          	65.64          	105.36         	0.080          	0.0061         	0.0000         	0.066          	0.023          	66.311         	13.442         	2.516          	
1993-09-24	Maize          	18.942         	2.722          	8.659          	5.067          	2.495          	0.5338         	402.98         	318.71         	116.29         	0.241          	0.0255         	0.1572         	0.039          	0.000          	196.197        	44.774         	0.770          	
1994-05-10	Triticale      	6.559          	1.367          	0.000          	0.000          	5.193          	0.0000         	120.99         	120.99         	131.06         	0.106          	0.0082         	0.0000         	0.000          	0.038          	0.000          	106.392        	0.000          	
1994-09-24	Soybean        	11.044         	1.270          	3.304          	0.000          	6.470          	0.3381         	298.04         	298.04         	113.21         	0.308          	0.0125         	0.1624         	0.000          	0.000          	162.421        	145.787        	0.000          	
1995-04-28	RyeBioenergyBM 	6.482          	1.129          	0.000          	4.817          	0.535          	0.0000         	110.36         	110.36         	112.52         	0.105          	0.0068         	0.0000         	0.088          	0.033          	88.376         	16.636         	1.835          	
1995-09-23	Maize          	15.571         	2.271          	6.937          	4.264          	2.100          	0.5215         	367.74         	262.62         	127.02         	0.237          	0.0224         	0.1546         	0.040          	0.000          	194.472        	42.046         	0.936          	
1996-05-10	Triticale      	5.772          	1.326          	0.000          	0.000          	4.446          	0.0000         	110.81         	110.81         	141.46         	0.099          	0.0080         	0.0000         	0.000          	0.049          	0.000          	98.671         	0.000          	
1996-09-20	Soybean        	10.891         	1.285          	3.223          	0.000          	6.383          	0.3355         	286.10         	286.06         	131.36         	0.304          	0.0127         	0.1589         	0.000          	0.000          	158.934        	144.820        	0.000          	
1997-04-28	RyeBioenergyBM 	5.741          	1.193          	0.000          	4.094          	0.455          	0.0000         	99.53          	99.53          	112.33         	0.092          	0.0068         	0.0000         	0.077          	0.043          	76.896         	15.387         	1.878          	
1997-09-28	Maize          	19.245         	2.510          	9.705          	4.710          	2.320          	0.5799         	397.42         	322.48         	136.70         	0.223          	0.0223         	0.1519         	0.033          	0.000          	184.704        	38.445         	0.696          	
1998-05-10	Triticale      	7.761          	1.320          	0.000          	0.000          	6.442          	0.0000         	141.33         	141.33         	126.67         	0.112          	0.0078         	0.0000         	0.000          	0.074          	0.000          	112.160        	0.000          	
1998-09-22	Soybean        	10.750         	1.241          	3.194          	0.000          	6.315          	0.3359         	310.31         	306.43         	117.43         	0.302          	0.0122         	0.1582         	0.000          	0.000          	158.201        	143.510        	0.000          	
1999-04-28	RyeBioenergyBM 	7.612          	1.343          	0.000          	5.642          	0.627          	0.0000         	126.58         	126.58         	90.41          	0.113          	0.0079         	0.0000         	0.095          	0.038          	94.699         	18.391         	1.679          	
1999-09-26	Maize          	15.672         	2.145          	7.858          	3.798          	1.871          	0.5809         	430.78         	269.79         	132.80         	0.215          	0.0196         	0.1479         	0.032          	0.000          	179.796        	35.301         	0.839          	
2000-05-10	Triticale      	9.063          	1.347          	0.000          	0.000          	7.715          	0.0000         	162.75         	162.75         	137.10         	0.134          	0.0086         	0.0000         	0.000          	0.028          	0.000          	133.717        	0.000          	
2000-09-25	Soybean        	10.621         	1.288          	3.113          	0.000          	6.220          	0.3335         	282.84         	277.07         	115.29         	0.299          	0.0127         	0.1555         	0.000          	0.000          	155.507        	143.387        	0.000          	
2001-04-28	RyeBioenergyBM 	4.502          	1.068          	0.000          	3.090          	0.343          	0.0000         	71.40          	71.40          	104.74         	0.091          	0.0068         	0.0000         	0.076          	0.011          	76.137         	15.294         	2.464          	
2001-09-27	Maize          	19.994         	2.796          	9.277          	5.306          	2.614          	0.5395         	413.24         	335.16         	137.51         	0.248          	0.0265         	0.1620         	0.040          	0.000          	201.542        	46.011         	0.745          	
2002-05-10	Triticale      	8.825          	1.199          	0.000          	0.000          	7.625          	0.0000         	164.60         	164.60         	118.26         	0.123          	0.0073         	0.0000         	0.000          	0.063          	0.000          	123.387        	0.000          	
2002-09-28	Soybean        	7.290          	1.061          	2.012          	0.000          	4.217          	0.3230         	374.23         	227.74         	91.49          	0.200          	0.0104         	0.1001         	0.000          	0.000          	100.120        	99.415         	0.000          	
2003-04-28	RyeBioenergyBM 	3.670          	1.005          	0.000          	2.399          	0.267          	0.0000         	70.97          	70.97          	115.74         	0.073          	0.0061         	0.0000         	0.061          	0.027          	60.623         	12.835         	2.527          	
2003-09-27	Maize          	21.659         	2.685          	11.169         	5.229          	2.575          	0.5887         	354.29         	345.70         	158.49         	0.246          	0.0245         	0.1689         	0.036          	0.000          	204.441        	41.970         	0.680          	
2004-05-10	Triticale      	7.355          	1.293          	0.000          	0.000          	6.062          	0.0000         	135.37         	135.37         	127.29         	0.107          	0.0074         	0.0000         	0.000          	0.054          	0.000          	107.463        	0.000          	
2004-09-20	Soybean        	10.806         	1.301          	3.190          	0.000          	6.315          	0.3356         	284.63         	284.63         	121.62         	0.304          	0.0128         	0.1588         	0.000          	0.000          	158.784        	144.754        	0.000          	
2005-04-28	RyeBioenergyBM 	5.908          	1.203          	0.000          	4.234          	0.470          	0.0000         	101.81         	101.81         	106.70         	0.102          	0.0073         	0.0000         	0.085          	0.026          	85.444         	16.817         	2.018          	
2005-09-23	Maize          	18.318         	2.567          	8.751          	4.690          	2.310          	0.5556         	371.80         	317.59         	119.29         	0.233          	0.0226         	0.1562         	0.036          	0.005          	192.463        	40.418         	0.773          	
2006-05-10	Triticale      	8.230          	1.297          	0.000          	0.000          	6.933          	0.0000         	167.27         	167.27         	138.06         	0.110          	0.0073         	0.0000         	0.000          	0.073          	0.000          	109.928        	0.000          	
2006-09-24	Soybean        	8.151          	1.076          	2.298          	0.000          	4.777          	0.3248         	295.97         	233.99         	116.78         	0.243          	0.0106         	0.1238         	0.000          	0.000          	123.766        	119.526        	0.000          	
2007-04-28	RyeBioenergyBM 	5.743          	1.104          	0.000          	4.175          	0.464          	0.0000         	100.94         	100.94         	106.70         	0.104          	0.0070         	0.0000         	0.087          	0.022          	87.052         	16.692         	2.085          	
2007-09-23	Maize          	23.039         	3.034          	11.439         	5.739          	2.827          	0.5718         	433.09         	387.65         	133.78         	0.241          	0.0263         	0.1611         	0.036          	0.000          	196.693        	43.843         	0.621          	
2008-05-10	Triticale      	7.180          	1.303          	0.000          	0.000          	5.877          	0.0000         	137.85         	137.85         	131.93         	0.100          	0.0073         	0.0000         	0.000          	0.083          	0.000          	100.198        	0.000          	
2008-09-25	Soybean        	10.777         	1.315          	3.156          	0.000          	6.306          	0.3336         	341.76         	312.21         	112.78         	0.298          	0.0130         	0.1548         	0.000          	0.000          	154.775        	142.984        	0.000          	
2009-04-28	RyeBioenergyBM 	5.454          	1.177          	0.000          	3.849          	0.428          	0.0000         	93.96          	93.96          	108.57         	0.095          	0.0070         	0.0000         	0.080          	0.024          	79.656         	15.817         	2.070          	
2009-09-24	Maize          	24.722         	3.027          	12.821         	5.945          	2.928          	0.5910         	382.99         	375.70         	163.05         	0.254          	0.0263         	0.1737         	0.036          	0.000          	210.014        	44.175         	0.611          	
2010-05-10	Triticale      	8.629          	1.470          	0.000          	0.000          	7.159          	0.0000         	175.59         	175.59         	124.61         	0.112          	0.0081         	0.0000         	0.000          	0.074          	0.000          	112.001        	0.000          	
2010-09-21	Soybean        	10.989         	1.342          	3.222          	0.000          	6.425          	0.3340         	355.88         	327.21         	86.47          	0.301          	0.0132         	0.1564         	0.000          	0.000          	156.397        	144.331        	0.000          	
2011-04-28	RyeBioenergyBM 	5.460          	1.242          	0.000          	3.796          	0.422          	0.0000         	91.04          	91.04          	113.13         	0.099          	0.0076         	0.0000         	0.082          	0.022          	82.340         	16.770         	2.169          	
2011-09-18	Maize          	22.346         	2.840          	11.366         	5.454          	2.686          	0.5827         	406.49         	365.23         	132.53         	0.247          	0.0258         	0.1675         	0.036          	0.000          	203.436        	43.494         	0.658          	
2012-05-10	Triticale      	10.653         	1.485          	0.000          	0.000          	9.167          	0.0000         	188.29         	188.29         	138.25         	0.131          	0.0087         	0.0000         	0.000          	0.081          	0.000          	130.772        	0.000          	
2012-09-19	Soybean        	10.015         	1.209          	2.985          	0.000          	5.821          	0.3390         	333.00         	290.33         	103.41         	0.273          	0.0119         	0.1437         	0.000          	0.000          	143.677        	129.243        	0.000          	
