DATE      	CROP           	TOTAL BIOMASS  	ROOT BIOMASS   	GRAIN YIELD    	FORAGE YIELD   	AG RESIDUE     	HARVEST INDEX  	POTENTIAL TR   	ACTUAL TR      	SOIL EVAP      	TOTAL N        	ROOT N         	GRAIN N        	FORAGE N       	CUM. N STRESS  	N IN HARVEST   	N IN RESIDUE   	N CONCN FORAGE 
YYYY-MM-DD	-              	Mg/ha          	Mg/ha          	Mg/ha          	Mg/ha          	Mg/ha          	Mg/Mg          	mm             	mm             	mm             	Mg/ha          	Mg/ha          	Mg/ha          	Mg/ha          	-              	kg/ha          	kg/ha          	%              
1984-09-05	Maize          	19.607         	2.500          	10.763         	4.251          	2.094          	0.6291         	378.59         	338.77         	185.42         	0.183          	0.0186         	0.1283         	0.024          	0.038          	152.358        	30.434         	0.567          	
1985-04-15	Triticale      	6.942          	1.365          	0.000          	0.000          	5.577          	0.0000         	121.69         	121.69         	91.29          	0.104          	0.0077         	0.0000         	0.000          	0.037          	0.000          	103.820        	0.000          	
1985-09-06	Soybean        	10.275         	1.299          	3.055          	0.000          	5.921          	0.3404         	366.57         	304.05         	117.18         	0.283          	0.0128         	0.1492         	0.000          	0.000          	149.215        	133.766        	0.000          	
1986-04-01	RyeBioenergyBM 	3.711          	0.836          	0.000          	2.588          	0.288          	0.0000         	58.88          	58.88          	101.13         	0.091          	0.0059         	0.0000         	0.077          	0.001          	76.774         	14.427         	2.966          	
1986-09-02	Maize          	14.905         	1.928          	8.074          	3.285          	1.618          	0.6222         	370.43         	260.43         	163.56         	0.188          	0.0167         	0.1333         	0.026          	0.000          	158.862        	29.240         	0.777          	
1987-04-15	Triticale      	4.123          	1.064          	0.000          	0.000          	3.059          	0.0000         	66.09          	66.09          	130.19         	0.089          	0.0070         	0.0000         	0.000          	0.010          	0.000          	89.333         	0.000          	
1987-09-04	Soybean        	6.356          	1.019          	1.689          	0.000          	3.648          	0.3164         	327.48         	194.47         	152.11         	0.188          	0.0100         	0.0928         	0.000          	0.000          	92.781         	95.509         	0.000          	
1988-04-01	RyeBioenergyBM 	3.564          	0.942          	0.000          	2.360          	0.262          	0.0000         	53.99          	53.99          	117.02         	0.087          	0.0067         	0.0000         	0.072          	0.001          	72.414         	14.716         	3.068          	
1988-09-09	Maize          	13.964         	1.875          	7.598          	3.009          	1.482          	0.6285         	405.76         	246.70         	203.55         	0.180          	0.0172         	0.1270         	0.024          	0.000          	150.943        	28.959         	0.794          	
1989-04-15	Triticale      	4.532          	1.076          	0.000          	0.000          	3.456          	0.0000         	74.71          	74.71          	137.99         	0.108          	0.0081         	0.0000         	0.000          	0.000          	0.000          	107.965        	0.000          	
1989-09-03	Soybean        	10.621         	1.233          	3.245          	0.000          	6.144          	0.3456         	292.04         	286.33         	143.47         	0.300          	0.0121         	0.1610         	0.000          	0.000          	161.021        	139.209        	0.000          	
1990-04-01	RyeBioenergyBM 	4.561          	1.039          	0.000          	3.169          	0.352          	0.0000         	76.98          	76.98          	106.64         	0.099          	0.0072         	0.0000         	0.082          	0.005          	82.234         	16.293         	2.595          	
1990-09-03	Maize          	20.213         	2.700          	10.649         	4.599          	2.265          	0.6081         	402.45         	335.28         	193.52         	0.200          	0.0222         	0.1374         	0.027          	0.000          	164.749        	35.680         	0.595          	
1991-04-15	Triticale      	6.380          	1.217          	0.000          	0.000          	5.163          	0.0000         	106.84         	106.84         	131.52         	0.109          	0.0077         	0.0000         	0.000          	0.020          	0.000          	108.801        	0.000          	
1991-09-03	Soybean        	8.715          	1.091          	2.608          	0.000          	5.017          	0.3420         	345.06         	270.89         	130.26         	0.250          	0.0107         	0.1324         	0.000          	0.000          	132.394        	117.172        	0.000          	
1992-04-01	RyeBioenergyBM 	3.799          	0.914          	0.000          	2.596          	0.288          	0.0000         	52.55          	52.55          	108.95         	0.091          	0.0065         	0.0000         	0.076          	0.001          	76.382         	14.950         	2.942          	
1992-09-07	Maize          	19.855         	2.647          	10.501         	4.493          	2.213          	0.6103         	389.10         	330.34         	172.60         	0.199          	0.0210         	0.1378         	0.027          	0.000          	165.043        	34.450         	0.607          	
1993-04-15	Triticale      	3.546          	0.903          	0.000          	0.000          	2.643          	0.0000         	51.91          	51.91          	133.09         	0.086          	0.0064         	0.0000         	0.000          	0.004          	0.000          	86.067         	0.000          	
1993-09-09	Soybean        	7.211          	1.017          	2.101          	0.000          	4.092          	0.3393         	391.04         	227.64         	152.07         	0.189          	0.0100         	0.0984         	0.000          	0.000          	98.379         	90.232         	0.000          	
1994-04-01	RyeBioenergyBM 	1.929          	0.630          	0.000          	1.169          	0.130          	0.0000         	27.26          	27.26          	112.53         	0.051          	0.0044         	0.0000         	0.042          	0.003          	42.312         	9.054          	3.620          	
1994-09-01	Maize          	17.483         	2.194          	9.638          	3.785          	1.864          	0.6304         	363.85         	287.15         	188.62         	0.206          	0.0186         	0.1462         	0.027          	0.000          	173.516        	32.030         	0.723          	
1995-04-15	Triticale      	6.452          	1.164          	0.000          	0.000          	5.288          	0.0000         	101.41         	101.41         	120.85         	0.121          	0.0078         	0.0000         	0.000          	0.005          	0.000          	121.067        	0.000          	
1995-09-07	Soybean        	8.356          	1.127          	2.472          	0.000          	4.757          	0.3419         	327.33         	243.60         	124.85         	0.250          	0.0111         	0.1323         	0.000          	0.000          	132.266        	117.472        	0.000          	
1996-04-01	RyeBioenergyBM 	1.823          	0.609          	0.000          	1.092          	0.121          	0.0000         	24.56          	24.56          	110.55         	0.054          	0.0046         	0.0000         	0.044          	0.000          	44.452         	9.579          	4.070          	
1996-09-03	Maize          	23.734         	2.884          	13.121         	5.178          	2.551          	0.6293         	389.65         	380.70         	181.68         	0.228          	0.0230         	0.1604         	0.030          	0.000          	190.474        	37.850         	0.581          	
1997-04-15	Triticale      	5.078          	1.208          	0.000          	0.000          	3.870          	0.0000         	79.98          	79.98          	136.72         	0.090          	0.0070         	0.0000         	0.000          	0.019          	0.000          	89.865         	0.000          	
1997-09-16	Soybean        	7.768          	1.060          	2.246          	0.000          	4.462          	0.3348         	357.98         	227.56         	158.31         	0.205          	0.0104         	0.1058         	0.000          	0.000          	105.840        	98.760         	0.000          	
1998-04-01	RyeBioenergyBM 	3.382          	0.917          	0.000          	2.219          	0.247          	0.0000         	54.72          	54.72          	101.34         	0.072          	0.0057         	0.0000         	0.060          	0.017          	59.847         	12.319         	2.697          	
1998-09-02	Maize          	17.232         	2.613          	8.622          	4.018          	1.979          	0.5898         	412.83         	290.82         	170.11         	0.200          	0.0224         	0.1355         	0.028          	0.000          	163.895        	36.401         	0.708          	
1999-04-15	Triticale      	6.518          	1.282          	0.000          	0.000          	5.236          	0.0000         	107.45         	107.45         	101.19         	0.105          	0.0076         	0.0000         	0.000          	0.023          	0.000          	104.825        	0.000          	
1999-09-09	Soybean        	7.758          	1.079          	2.222          	0.000          	4.458          	0.3326         	378.06         	254.33         	134.73         	0.220          	0.0106         	0.1133         	0.000          	0.000          	113.281        	106.232        	0.000          	
2000-04-01	RyeBioenergyBM 	5.038          	1.111          	0.000          	3.534          	0.393          	0.0000         	80.10          	80.10          	112.62         	0.099          	0.0071         	0.0000         	0.083          	0.006          	83.154         	16.330         	2.353          	
2000-09-05	Maize          	21.186         	2.630          	11.639         	4.634          	2.283          	0.6272         	382.75         	355.23         	173.86         	0.205          	0.0207         	0.1437         	0.027          	0.005          	170.862        	34.082         	0.586          	
2001-04-15	Triticale      	3.304          	0.938          	0.000          	0.000          	2.366          	0.0000         	53.64          	53.64          	116.88         	0.095          	0.0075         	0.0000         	0.000          	0.000          	0.000          	95.181         	0.000          	
2001-09-05	Soybean        	11.737         	1.426          	3.542          	0.000          	6.768          	0.3436         	348.91         	327.16         	109.68         	0.315          	0.0140         	0.1676         	0.000          	0.000          	167.625        	147.711        	0.000          	
2002-04-01	RyeBioenergyBM 	4.912          	0.944          	0.000          	3.571          	0.397          	0.0000         	75.63          	75.63          	89.05          	0.103          	0.0061         	0.0000         	0.087          	0.031          	87.047         	15.795         	2.437          	
2002-09-03	Maize          	14.608         	2.331          	7.121          	3.454          	1.701          	0.5800         	428.22         	249.28         	181.99         	0.196          	0.0221         	0.1311         	0.028          	0.000          	159.438        	36.071         	0.819          	
2003-04-15	Triticale      	2.853          	0.880          	0.000          	0.000          	1.973          	0.0000         	47.61          	47.61          	126.41         	0.071          	0.0060         	0.0000         	0.000          	0.006          	0.000          	71.270         	0.000          	
2003-09-06	Soybean        	10.835         	1.244          	3.318          	0.000          	6.273          	0.3459         	283.85         	282.89         	155.68         	0.301          	0.0122         	0.1618         	0.000          	0.000          	161.766        	139.721        	0.000          	
2004-04-01	RyeBioenergyBM 	3.268          	0.884          	0.000          	2.145          	0.238          	0.0000         	49.30          	49.30          	90.17          	0.081          	0.0063         	0.0000         	0.068          	0.004          	67.608         	13.777         	3.151          	
2004-08-26	Maize          	24.068         	2.850          	13.453         	5.202          	2.562          	0.6341         	365.55         	365.01         	176.21         	0.228          	0.0227         	0.1608         	0.030          	0.002          	190.545        	37.355         	0.573          	
2005-04-15	Triticale      	5.249          	1.148          	0.000          	0.000          	4.101          	0.0000         	78.48          	78.48          	126.27         	0.105          	0.0076         	0.0000         	0.000          	0.002          	0.000          	105.487        	0.000          	
2005-09-09	Soybean        	11.806         	1.410          	3.586          	0.000          	6.811          	0.3449         	344.85         	329.10         	130.09         	0.316          	0.0138         	0.1685         	0.000          	0.000          	168.536        	147.357        	0.000          	
2006-04-01	RyeBioenergyBM 	3.591          	0.911          	0.000          	2.412          	0.268          	0.0000         	55.71          	55.71          	87.77          	0.075          	0.0057         	0.0000         	0.062          	0.014          	62.161         	12.612         	2.577          	
2006-08-31	Maize          	21.541         	2.951          	11.394         	4.821          	2.374          	0.6129         	417.10         	363.27         	144.93         	0.230          	0.0249         	0.1584         	0.031          	0.000          	189.509        	40.281         	0.646          	
2007-04-15	Triticale      	5.174          	1.084          	0.000          	0.000          	4.091          	0.0000         	82.11          	82.11          	120.79         	0.103          	0.0071         	0.0000         	0.000          	0.007          	0.000          	102.867        	0.000          	
2007-09-07	Soybean        	9.614          	1.276          	2.816          	0.000          	5.523          	0.3377         	392.14         	300.14         	131.24         	0.272          	0.0125         	0.1423         	0.000          	0.000          	142.310        	129.540        	0.000          	
2008-04-01	RyeBioenergyBM 	4.204          	1.004          	0.000          	2.880          	0.320          	0.0000         	64.32          	64.31          	82.46          	0.080          	0.0059         	0.0000         	0.067          	0.021          	66.843         	13.374         	2.321          	
2008-09-01	Maize          	17.809         	2.656          	8.907          	4.185          	2.061          	0.5878         	437.80         	298.51         	164.15         	0.192          	0.0221         	0.1289         	0.027          	0.000          	156.151        	35.499         	0.650          	
2009-04-15	Triticale      	5.690          	1.279          	0.000          	0.000          	4.411          	0.0000         	82.12          	82.12          	124.39         	0.114          	0.0086         	0.0000         	0.000          	0.002          	0.000          	114.040        	0.000          	
2009-08-28	Soybean        	11.569         	1.420          	3.488          	0.000          	6.661          	0.3437         	325.03         	289.50         	129.49         	0.313          	0.0139         	0.1665         	0.000          	0.000          	166.539        	146.702        	0.000          	
2010-04-01	RyeBioenergyBM 	4.046          	1.087          	0.000          	2.664          	0.296          	0.0000         	57.53          	57.53          	98.35          	0.099          	0.0081         	0.0000         	0.082          	0.000          	81.716         	17.143         	3.068          	
2010-08-29	Maize          	17.283         	2.394          	9.011          	3.939          	1.940          	0.6052         	461.40         	293.05         	171.89         	0.214          	0.0232         	0.1469         	0.030          	0.000          	176.455        	37.709         	0.749          	
2011-04-15	Triticale      	5.897          	1.370          	0.000          	0.000          	4.526          	0.0000         	89.14          	89.14          	139.58         	0.115          	0.0092         	0.0000         	0.000          	0.004          	0.000          	114.738        	0.000          	
2011-08-25	Soybean        	8.632          	1.204          	2.493          	0.000          	4.935          	0.3356         	358.22         	238.87         	142.40         	0.239          	0.0118         	0.1242         	0.000          	0.000          	124.186        	115.035        	0.000          	
2012-04-01	RyeBioenergyBM 	7.851          	1.462          	0.000          	5.750          	0.639          	0.0000         	125.95         	125.95         	116.18         	0.118          	0.0086         	0.0000         	0.098          	0.035          	98.000         	19.508         	1.704          	
2012-08-26	Maize          	16.848         	2.447          	8.693          	3.824          	1.884          	0.6036         	434.66         	277.68         	189.14         	0.185          	0.0207         	0.1261         	0.025          	0.000          	151.542        	33.236         	0.665          	
