DATE      	CROP           	TOTAL BIOMASS  	ROOT BIOMASS   	GRAIN YIELD    	FORAGE YIELD   	AG RESIDUE     	HARVEST INDEX  	POTENTIAL TR   	ACTUAL TR      	SOIL EVAP      	TOTAL N        	ROOT N         	GRAIN N        	FORAGE N       	CUM. N STRESS  	N IN HARVEST   	N IN RESIDUE   	N CONCN FORAGE 
YYYY-MM-DD	-              	Mg/ha          	Mg/ha          	Mg/ha          	Mg/ha          	Mg/ha          	Mg/Mg          	mm             	mm             	mm             	Mg/ha          	Mg/ha          	Mg/ha          	Mg/ha          	-              	kg/ha          	kg/ha          	%              
1984-09-05	Soybean        	10.632         	1.239          	3.271          	0.000          	6.121          	0.3483         	323.31         	306.51         	162.75         	0.298          	0.0122         	0.1607         	0.000          	0.000          	160.651        	137.303        	0.000          	
1985-08-30	Maize          	19.747         	2.733          	10.198         	0.000          	6.816          	0.5994         	433.62         	330.06         	117.95         	0.266          	0.0269         	0.1835         	0.000          	0.000          	183.460        	82.776         	0.000          	
1986-09-02	Soybean        	8.058          	0.979          	2.437          	0.000          	4.642          	0.3442         	312.90         	246.33         	134.95         	0.234          	0.0096         	0.1249         	0.000          	0.000          	124.858        	108.894        	0.000          	
1987-08-31	Maize          	12.650         	2.147          	5.803          	0.000          	4.699          	0.5526         	393.63         	222.53         	158.47         	0.196          	0.0211         	0.1294         	0.000          	0.000          	129.373        	66.382         	0.000          	
1988-09-10	Soybean        	7.464          	0.919          	2.272          	0.000          	4.272          	0.3472         	347.87         	230.29         	171.85         	0.192          	0.0091         	0.1026         	0.000          	0.000          	102.569        	89.366         	0.000          	
1989-09-02	Maize          	21.673         	2.670          	11.904         	0.000          	7.100          	0.6264         	358.84         	342.25         	161.10         	0.241          	0.0238         	0.1696         	0.000          	0.000          	169.627        	71.701         	0.000          	
1990-09-04	Soybean        	10.406         	1.278          	3.127          	0.000          	6.002          	0.3425         	338.67         	302.95         	152.56         	0.284          	0.0125         	0.1509         	0.000          	0.000          	150.856        	133.514        	0.000          	
1991-08-31	Maize          	15.436         	2.081          	8.299          	0.000          	5.056          	0.6214         	398.74         	275.75         	154.46         	0.236          	0.0205         	0.1673         	0.000          	0.000          	167.348        	68.398         	0.000          	
1992-09-11	Soybean        	10.167         	1.252          	3.074          	0.000          	5.841          	0.3448         	325.75         	291.84         	160.17         	0.284          	0.0123         	0.1513         	0.000          	0.000          	151.302        	132.221        	0.000          	
1993-09-06	Maize          	14.084         	2.190          	7.045          	0.000          	4.849          	0.5923         	459.59         	252.30         	165.36         	0.199          	0.0215         	0.1356         	0.000          	0.000          	135.616        	63.701         	0.000          	
1994-09-04	Soybean        	9.478          	1.115          	2.897          	0.000          	5.465          	0.3465         	304.06         	269.11         	156.40         	0.270          	0.0110         	0.1450         	0.000          	0.000          	144.968        	124.909        	0.000          	
1995-09-03	Maize          	15.952         	2.337          	8.235          	0.000          	5.380          	0.6048         	379.30         	267.70         	150.28         	0.251          	0.0230         	0.1750         	0.000          	0.000          	175.039        	75.519         	0.000          	
1996-09-05	Soybean        	11.778         	1.362          	3.618          	0.000          	6.798          	0.3474         	328.76         	328.27         	151.75         	0.319          	0.0134         	0.1714         	0.000          	0.000          	171.382        	147.486        	0.000          	
1997-09-15	Maize          	14.264         	2.134          	7.165          	0.000          	4.966          	0.5906         	421.00         	238.82         	180.81         	0.202          	0.0210         	0.1382         	0.000          	0.000          	138.249        	64.223         	0.000          	
1998-09-05	Soybean        	8.665          	1.186          	2.540          	0.000          	4.939          	0.3396         	335.85         	256.41         	154.40         	0.258          	0.0116         	0.1359         	0.000          	0.000          	135.862        	122.268        	0.000          	
1999-09-06	Maize          	12.909         	2.008          	6.329          	0.000          	4.572          	0.5806         	418.43         	245.52         	176.54         	0.201          	0.0197         	0.1372         	0.000          	0.000          	137.199        	63.882         	0.000          	
2000-09-06	Soybean        	10.677         	1.252          	3.274          	0.000          	6.151          	0.3474         	312.02         	304.48         	164.47         	0.298          	0.0123         	0.1603         	0.000          	0.000          	160.293        	137.700        	0.000          	
2001-09-01	Maize          	21.711         	2.868          	11.589         	0.000          	7.254          	0.6150         	394.06         	349.14         	117.27         	0.271          	0.0276         	0.1884         	0.000          	0.000          	188.401        	82.505         	0.000          	
2002-09-08	Soybean        	7.570          	1.083          	2.143          	0.000          	4.345          	0.3303         	351.21         	228.92         	164.92         	0.216          	0.0107         	0.1105         	0.000          	0.000          	110.502        	105.108        	0.000          	
2003-09-04	Maize          	21.646         	2.651          	11.860         	0.000          	7.135          	0.6244         	344.27         	329.68         	153.40         	0.239          	0.0237         	0.1674         	0.000          	0.000          	167.418        	71.274         	0.000          	
2004-08-28	Soybean        	11.527         	1.315          	3.556          	0.000          	6.656          	0.3482         	299.74         	299.74         	144.97         	0.314          	0.0129         	0.1695         	0.000          	0.000          	169.482        	144.960        	0.000          	
2005-09-07	Maize          	22.453         	2.820          	12.344         	0.000          	7.289          	0.6287         	398.47         	357.92         	151.62         	0.275          	0.0268         	0.1938         	0.000          	0.000          	193.848        	81.239         	0.000          	
2006-09-05	Soybean        	10.628         	1.361          	3.181          	0.000          	6.086          	0.3432         	352.92         	311.25         	116.25         	0.297          	0.0134         	0.1577         	0.000          	0.000          	157.653        	139.349        	0.000          	
2007-09-04	Maize          	17.336         	2.516          	8.753          	0.000          	6.067          	0.5906         	455.90         	307.70         	151.75         	0.257          	0.0247         	0.1767         	0.000          	0.000          	176.693        	79.949         	0.000          	
2008-09-05	Soybean        	9.049          	1.254          	2.635          	0.000          	5.160          	0.3381         	374.73         	268.71         	138.63         	0.258          	0.0124         	0.1349         	0.000          	0.000          	134.946        	123.088        	0.000          	
2009-08-27	Maize          	21.328         	2.893          	11.196         	0.000          	7.239          	0.6073         	382.41         	305.73         	149.92         	0.266          	0.0281         	0.1835         	0.000          	0.000          	183.528        	82.762         	0.000          	
2010-09-02	Soybean        	9.291          	1.165          	2.775          	0.000          	5.350          	0.3416         	399.05         	280.73         	146.97         	0.245          	0.0115         	0.1295         	0.000          	0.000          	129.548        	115.851        	0.000          	
2011-08-21	Maize          	15.214         	2.378          	7.494          	0.000          	5.342          	0.5839         	404.57         	239.36         	179.21         	0.226          	0.0233         	0.1536         	0.000          	0.000          	153.618        	72.291         	0.000          	
2012-08-29	Soybean        	10.106         	1.310          	3.001          	0.000          	5.796          	0.3411         	383.95         	293.27         	178.49         	0.277          	0.0129         	0.1461         	0.000          	0.000          	146.132        	130.882        	0.000          	
