DATE      	CROP           	TOTAL BIOMASS  	ROOT BIOMASS   	GRAIN YIELD    	FORAGE YIELD   	AG RESIDUE     	HARVEST INDEX  	POTENTIAL TR   	ACTUAL TR      	SOIL EVAP      	TOTAL N        	ROOT N         	GRAIN N        	FORAGE N       	CUM. N STRESS  	N IN HARVEST   	N IN RESIDUE   	N CONCN FORAGE 
YYYY-MM-DD	-              	Mg/ha          	Mg/ha          	Mg/ha          	Mg/ha          	Mg/ha          	Mg/Mg          	mm             	mm             	mm             	Mg/ha          	Mg/ha          	Mg/ha          	Mg/ha          	-              	kg/ha          	kg/ha          	%              
1984-09-27	Maize          	22.390         	2.698          	11.629         	5.402          	2.661          	0.5905         	364.20         	358.74         	170.42         	0.246          	0.0243         	0.1689         	0.035          	0.000          	204.247        	41.727         	0.655          	
1985-05-10	Triticale      	8.104          	1.299          	0.000          	0.000          	6.805          	0.0000         	188.17         	188.16         	101.91         	0.094          	0.0067         	0.0000         	0.000          	0.129          	0.000          	93.835         	0.000          	
1985-09-26	Soybean        	10.868         	1.310          	3.189          	0.000          	6.370          	0.3336         	321.52         	311.07         	119.24         	0.301          	0.0129         	0.1568         	0.000          	0.000          	156.806        	144.637        	0.000          	
1986-04-28	RyeBioenergyBM 	5.624          	1.071          	0.000          	4.098          	0.455          	0.0000         	109.57         	109.57         	98.89          	0.093          	0.0063         	0.0000         	0.078          	0.049          	78.025         	14.931         	1.904          	
1986-09-24	Maize          	21.617         	2.753          	11.242         	5.107          	2.515          	0.5959         	387.42         	362.91         	110.14         	0.249          	0.0241         	0.1723         	0.036          	0.000          	207.885        	41.572         	0.696          	
1987-05-10	Triticale      	6.780          	1.243          	0.000          	0.000          	5.537          	0.0000         	128.44         	128.44         	147.20         	0.104          	0.0071         	0.0000         	0.000          	0.039          	0.000          	103.539        	0.000          	
1987-09-27	Soybean        	8.882          	1.101          	2.540          	0.000          	5.241          	0.3264         	308.48         	268.62         	105.74         	0.262          	0.0109         	0.1342         	0.000          	0.000          	134.236        	127.987        	0.000          	
1988-04-28	RyeBioenergyBM 	4.957          	1.124          	0.000          	3.450          	0.383          	0.0000         	87.63          	87.63          	121.93         	0.088          	0.0067         	0.0000         	0.073          	0.028          	73.405         	14.902         	2.127          	
1988-09-28	Maize          	17.702         	2.194          	9.474          	4.042          	1.991          	0.6109         	390.03         	307.45         	155.63         	0.237          	0.0193         	0.1682         	0.033          	0.000          	201.433        	35.643         	0.822          	
1989-05-10	Triticale      	6.047          	1.192          	0.000          	0.000          	4.855          	0.0000         	112.13         	112.13         	140.24         	0.106          	0.0073         	0.0000         	0.000          	0.024          	0.000          	105.652        	0.000          	
1989-09-25	Soybean        	9.565          	1.194          	2.761          	0.000          	5.610          	0.3298         	283.34         	257.91         	114.56         	0.281          	0.0118         	0.1450         	0.000          	0.000          	144.998        	135.979        	0.000          	
1990-04-28	RyeBioenergyBM 	5.999          	1.189          	0.000          	4.329          	0.481          	0.0000         	109.04         	109.04         	114.44         	0.098          	0.0071         	0.0000         	0.082          	0.033          	82.020         	16.232         	1.895          	
1990-09-18	Maize          	19.130         	2.484          	9.632          	4.700          	2.315          	0.5786         	355.10         	313.12         	139.63         	0.243          	0.0229         	0.1664         	0.036          	0.000          	202.435        	40.656         	0.767          	
1991-05-10	Triticale      	8.194          	1.295          	0.000          	0.000          	6.900          	0.0000         	154.68         	154.68         	132.75         	0.108          	0.0074         	0.0000         	0.000          	0.079          	0.000          	108.286        	0.000          	
1991-09-22	Soybean        	8.468          	1.085          	2.447          	0.000          	4.936          	0.3315         	337.55         	257.66         	88.53          	0.239          	0.0108         	0.1236         	0.000          	0.000          	123.561        	115.697        	0.000          	
1992-04-28	RyeBioenergyBM 	4.760          	1.012          	0.000          	3.373          	0.375          	0.0000         	73.67          	73.67          	116.14         	0.091          	0.0062         	0.0000         	0.076          	0.024          	76.143         	14.682         	2.257          	
1992-09-28	Maize          	22.553         	2.928          	11.555         	5.407          	2.663          	0.5888         	356.79         	355.37         	139.80         	0.246          	0.0265         	0.1670         	0.035          	0.000          	202.154        	43.775         	0.650          	
1993-05-10	Triticale      	5.394          	1.168          	0.000          	0.000          	4.226          	0.0000         	106.60         	106.60         	131.87         	0.089          	0.0066         	0.0000         	0.000          	0.051          	0.000          	88.824         	0.000          	
1993-09-25	Soybean        	10.017         	1.304          	2.822          	0.000          	5.891          	0.3239         	323.65         	290.03         	102.58         	0.285          	0.0129         	0.1445         	0.000          	0.000          	144.493        	140.699        	0.000          	
1994-04-28	RyeBioenergyBM 	4.553          	1.117          	0.000          	3.093          	0.344          	0.0000         	85.50          	85.50          	105.17         	0.083          	0.0066         	0.0000         	0.069          	0.033          	68.848         	14.206         	2.226          	
1994-09-26	Maize          	23.519         	2.830          	12.314         	5.611          	2.764          	0.5952         	371.45         	371.45         	138.91         	0.268          	0.0263         	0.1849         	0.038          	0.000          	223.054        	45.132         	0.681          	
1995-05-10	Triticale      	7.601          	1.206          	0.000          	0.000          	6.395          	0.0000         	143.43         	143.43         	134.99         	0.104          	0.0067         	0.0000         	0.000          	0.066          	0.000          	103.648        	0.000          	
1995-09-23	Soybean        	7.644          	1.003          	2.162          	0.000          	4.478          	0.3256         	283.06         	222.48         	110.88         	0.241          	0.0099         	0.1233         	0.000          	0.000          	123.294        	117.926        	0.000          	
1996-04-28	RyeBioenergyBM 	4.291          	1.121          	0.000          	2.854          	0.317          	0.0000         	79.51          	79.51          	121.19         	0.078          	0.0065         	0.0000         	0.064          	0.038          	64.485         	13.660         	2.260          	
1996-09-22	Maize          	23.113         	2.863          	11.796         	5.664          	2.790          	0.5825         	360.17         	353.55         	151.74         	0.254          	0.0259         	0.1724         	0.037          	0.000          	209.376        	44.141         	0.652          	
1997-05-10	Triticale      	6.835          	1.279          	0.000          	0.000          	5.556          	0.0000         	134.80         	134.80         	136.55         	0.091          	0.0067         	0.0000         	0.000          	0.084          	0.000          	91.312         	0.000          	
1997-09-28	Soybean        	10.073         	1.236          	2.948          	0.000          	5.889          	0.3336         	322.30         	294.31         	111.28         	0.279          	0.0123         	0.1451         	0.000          	0.000          	145.148        	134.182        	0.000          	
1998-04-28	RyeBioenergyBM 	6.466          	1.210          	0.000          	4.731          	0.526          	0.0000         	115.09         	115.09         	107.91         	0.100          	0.0070         	0.0000         	0.084          	0.056          	83.866         	16.355         	1.773          	
1998-09-21	Maize          	22.881         	2.780          	11.803         	5.560          	2.738          	0.5872         	388.83         	375.38         	127.11         	0.248          	0.0248         	0.1694         	0.036          	0.000          	205.205        	42.429         	0.644          	
1999-05-10	Triticale      	8.781          	1.418          	0.000          	0.000          	7.363          	0.0000         	165.22         	165.22         	106.55         	0.109          	0.0076         	0.0000         	0.000          	0.084          	0.000          	109.246        	0.000          	
1999-09-27	Soybean        	8.003          	1.008          	2.332          	0.000          	4.663          	0.3334         	350.85         	240.23         	107.96         	0.213          	0.0100         	0.1104         	0.000          	0.000          	110.372        	102.747        	0.000          	
2000-04-28	RyeBioenergyBM 	6.318          	1.135          	0.000          	4.664          	0.518          	0.0000         	116.97         	116.97         	113.95         	0.099          	0.0066         	0.0000         	0.083          	0.054          	82.740         	15.785         	1.774          	
2000-09-24	Maize          	22.036         	2.834          	10.952         	5.528          	2.723          	0.5703         	360.92         	335.28         	143.73         	0.228          	0.0247         	0.1530         	0.034          	0.000          	187.034        	41.424         	0.615          	
2001-05-10	Triticale      	6.142          	1.256          	0.000          	0.000          	4.885          	0.0000         	119.37         	119.37         	125.12         	0.098          	0.0072         	0.0000         	0.000          	0.032          	0.000          	98.299         	0.000          	
2001-09-27	Soybean        	10.244         	1.322          	2.897          	0.000          	6.025          	0.3247         	338.88         	299.82         	118.33         	0.287          	0.0130         	0.1458         	0.000          	0.000          	145.751        	141.398        	0.000          	
2002-04-28	RyeBioenergyBM 	6.665          	1.016          	0.867          	4.304          	0.478          	0.1535         	123.19         	123.19         	109.66         	0.108          	0.0061         	0.0255         	0.069          	0.069          	94.331         	13.765         	1.600          	
2002-09-28	Maize          	13.586         	2.146          	6.308          	3.438          	1.693          	0.5514         	441.04         	243.54         	138.27         	0.199          	0.0211         	0.1317         	0.031          	0.000          	162.616        	36.393         	0.900          	
2003-05-10	Triticale      	5.417          	1.268          	0.000          	0.000          	4.149          	0.0000         	107.81         	107.81         	137.42         	0.098          	0.0079         	0.0000         	0.000          	0.038          	0.000          	98.307         	0.000          	
2003-09-26	Soybean        	10.457         	1.242          	3.084          	0.000          	6.131          	0.3347         	287.01         	285.02         	124.44         	0.298          	0.0122         	0.1555         	0.000          	0.000          	155.467        	142.069        	0.000          	
2004-04-28	RyeBioenergyBM 	5.522          	1.130          	0.000          	3.952          	0.439          	0.0000         	94.25          	94.25          	101.48         	0.096          	0.0067         	0.0000         	0.080          	0.035          	80.093         	15.633         	2.026          	
2004-09-17	Maize          	23.250         	2.951          	11.890         	5.634          	2.775          	0.5858         	359.75         	359.75         	142.31         	0.263          	0.0275         	0.1785         	0.038          	0.000          	216.358        	46.200         	0.673          	
2005-05-10	Triticale      	7.131          	1.307          	0.000          	0.000          	5.824          	0.0000         	135.22         	135.22         	125.02         	0.102          	0.0072         	0.0000         	0.000          	0.055          	0.000          	101.904        	0.000          	
2005-09-23	Soybean        	9.855          	1.266          	2.832          	0.000          	5.758          	0.3297         	326.85         	292.23         	88.25          	0.285          	0.0125         	0.1465         	0.000          	0.000          	146.521        	138.083        	0.000          	
2006-04-28	RyeBioenergyBM 	6.348          	1.150          	0.000          	4.678          	0.520          	0.0000         	120.62         	120.62         	111.64         	0.098          	0.0066         	0.0000         	0.082          	0.057          	81.835         	15.742         	1.749          	
2006-09-25	Maize          	17.397         	2.486          	7.912          	4.689          	2.310          	0.5306         	384.62         	289.26         	140.70         	0.238          	0.0244         	0.1555         	0.039          	0.000          	194.467        	43.642         	0.832          	
2007-05-10	Triticale      	7.460          	1.236          	0.000          	0.000          	6.224          	0.0000         	145.72         	145.72         	126.79         	0.107          	0.0071         	0.0000         	0.000          	0.052          	0.000          	107.348        	0.000          	
2007-09-25	Soybean        	11.775         	1.434          	3.432          	0.000          	6.908          	0.3319         	356.02         	342.28         	116.01         	0.317          	0.0142         	0.1641         	0.000          	0.000          	164.066        	153.179        	0.000          	
2008-04-28	RyeBioenergyBM 	5.855          	1.195          	0.000          	4.194          	0.466          	0.0000         	105.31         	105.31         	109.01         	0.094          	0.0070         	0.0000         	0.078          	0.054          	78.356         	15.699         	1.868          	
2008-09-26	Maize          	20.059         	2.730          	9.757          	5.074          	2.499          	0.5630         	410.52         	334.19         	154.30         	0.238          	0.0258         	0.1588         	0.036          	0.000          	194.882        	43.524         	0.711          	
2009-05-10	Triticale      	6.790          	1.309          	0.000          	0.000          	5.481          	0.0000         	125.52         	125.52         	132.74         	0.102          	0.0073         	0.0000         	0.000          	0.051          	0.000          	102.423        	0.000          	
2009-09-24	Soybean        	11.987         	1.409          	3.541          	0.000          	7.038          	0.3347         	314.57         	314.56         	122.74         	0.324          	0.0139         	0.1689         	0.000          	0.000          	168.884        	154.883        	0.000          	
2010-04-28	RyeBioenergyBM 	6.830          	1.324          	0.000          	4.955          	0.551          	0.0000         	129.85         	129.85         	95.83          	0.105          	0.0077         	0.0000         	0.087          	0.049          	87.343         	17.405         	1.763          	
2010-09-22	Maize          	20.651         	2.714          	10.311         	5.109          	2.516          	0.5749         	422.82         	353.49         	111.02         	0.245          	0.0251         	0.1655         	0.036          	0.000          	201.829        	42.925         	0.710          	
2011-05-10	Triticale      	6.936          	1.376          	0.000          	0.000          	5.560          	0.0000         	130.62         	130.62         	142.97         	0.101          	0.0077         	0.0000         	0.000          	0.054          	0.000          	100.858        	0.000          	
2011-09-19	Soybean        	11.016         	1.323          	3.231          	0.000          	6.462          	0.3333         	334.82         	312.50         	106.71         	0.300          	0.0131         	0.1557         	0.000          	0.000          	155.686        	143.992        	0.000          	
2012-04-28	RyeBioenergyBM 	9.118          	1.391          	1.411          	5.684          	0.632          	0.1826         	158.31         	158.31         	111.93         	0.121          	0.0081         	0.0341         	0.071          	0.065          	104.677        	15.900         	1.241          	
2012-09-18	Maize          	18.742         	2.432          	9.849          	4.329          	2.132          	0.6039         	407.13         	307.98         	161.44         	0.224          	0.0221         	0.1551         	0.031          	0.000          	186.335        	37.521         	0.722          	
