DATE      	CROP           	TOTAL BIOMASS  	ROOT BIOMASS   	GRAIN YIELD    	FORAGE YIELD   	AG RESIDUE     	HARVEST INDEX  	POTENTIAL TR   	ACTUAL TR      	SOIL EVAP      	TOTAL N        	ROOT N         	GRAIN N        	FORAGE N       	CUM. N STRESS  	N IN HARVEST   	N IN RESIDUE   	N CONCN FORAGE 
YYYY-MM-DD	-              	Mg/ha          	Mg/ha          	Mg/ha          	Mg/ha          	Mg/ha          	Mg/Mg          	mm             	mm             	mm             	Mg/ha          	Mg/ha          	Mg/ha          	Mg/ha          	-              	kg/ha          	kg/ha          	%              
1984-09-17	Soybean        	8.924          	1.113          	2.591          	0.000          	5.220          	0.3317         	245.88         	245.88         	155.15         	0.267          	0.0112         	0.1385         	0.000          	0.000          	138.528        	128.757        	0.000          	
1985-05-08	RyeBioenergyBM 	6.208          	1.100          	0.879          	3.807          	0.423          	0.1720         	137.52         	137.52         	105.36         	0.087          	0.0060         	0.0229         	0.052          	0.104          	74.835         	11.759         	1.364          	
1985-09-13	Maize          	16.134         	2.581          	6.680          	0.000          	6.873          	0.4929         	330.87         	262.63         	145.59         	0.209          	0.0237         	0.1298         	0.000          	0.000          	129.784        	78.831         	0.000          	
1986-05-21	RyeBioenergyBS 	6.531          	1.157          	1.029          	3.911          	0.435          	0.1914         	159.87         	159.87         	107.91         	0.084          	0.0060         	0.0250         	0.048          	0.141          	72.970         	11.371         	1.226          	
1986-09-17	Soybean        	9.024          	1.194          	2.596          	0.000          	5.234          	0.3316         	261.72         	243.72         	117.04         	0.270          	0.0120         	0.1394         	0.000          	0.000          	139.387        	130.303        	0.000          	
1987-05-08	RyeBioenergyBM 	4.879          	1.026          	0.000          	3.468          	0.385          	0.0000         	95.64          	95.64          	140.77         	0.081          	0.0059         	0.0000         	0.067          	0.055          	67.199         	13.321         	1.938          	
1987-09-26	Maize          	20.557         	2.565          	10.284         	0.000          	7.709          	0.5715         	366.98         	335.89         	140.00         	0.236          	0.0232         	0.1600         	0.000          	0.000          	159.984        	76.071         	0.000          	
1988-05-21	RyeBioenergyBS 	5.711          	1.115          	0.000          	4.137          	0.460          	0.0000         	125.38         	125.38         	111.13         	0.083          	0.0060         	0.0000         	0.069          	0.096          	68.942         	13.700         	1.666          	
1988-09-28	Soybean        	9.101          	1.178          	2.639          	0.000          	5.284          	0.3331         	311.65         	280.33         	92.74          	0.267          	0.0118         	0.1385         	0.000          	0.000          	138.455        	128.409        	0.000          	
1989-05-08	RyeBioenergyBM 	4.115          	0.929          	0.000          	2.868          	0.319          	0.0000         	85.51          	85.51          	133.68         	0.070          	0.0052         	0.0000         	0.059          	0.058          	58.584         	11.751         	2.043          	
1989-09-24	Maize          	19.804         	2.612          	9.845          	0.000          	7.346          	0.5727         	332.64         	302.11         	140.56         	0.238          	0.0241         	0.1606         	0.000          	0.000          	160.563        	76.957         	0.000          	
1990-05-21	RyeBioenergyBS 	6.628          	1.122          	1.119          	3.948          	0.439          	0.2032         	145.46         	145.46         	114.20         	0.088          	0.0061         	0.0279         	0.049          	0.123          	76.491         	11.521         	1.231          	
1990-09-18	Soybean        	9.425          	1.170          	2.752          	0.000          	5.503          	0.3334         	254.66         	254.66         	138.77         	0.279          	0.0117         	0.1451         	0.000          	0.000          	145.115        	133.688        	0.000          	
1991-05-08	RyeBioenergyBM 	6.624          	1.136          	1.001          	4.039          	0.449          	0.1823         	125.68         	125.68         	120.70         	0.094          	0.0066         	0.0265         	0.055          	0.088          	81.359         	12.666         	1.359          	
1991-09-21	Maize          	16.525         	2.298          	7.889          	0.000          	6.338          	0.5545         	378.14         	281.93         	82.66          	0.217          	0.0213         	0.1453         	0.000          	0.000          	145.299        	71.806         	0.000          	
1992-05-21	RyeBioenergyBS 	6.196          	1.035          	0.938          	3.801          	0.422          	0.1818         	113.92         	113.92         	115.65         	0.091          	0.0058         	0.0258         	0.054          	0.083          	79.437         	11.760         	1.412          	
1992-09-25	Soybean        	9.974          	1.220          	2.970          	0.000          	5.784          	0.3392         	249.18         	249.18         	124.23         	0.288          	0.0122         	0.1520         	0.000          	0.000          	152.026        	136.214        	0.000          	
1993-05-08	RyeBioenergyBM 	3.475          	0.871          	0.000          	2.344          	0.260          	0.0000         	80.58          	80.58          	112.10         	0.063          	0.0048         	0.0000         	0.052          	0.074          	52.377         	10.588         	2.235          	
1993-09-28	Maize          	17.528         	2.394          	8.764          	0.000          	6.370          	0.5791         	355.81         	283.09         	119.89         	0.232          	0.0220         	0.1588         	0.000          	0.000          	158.763        	73.254         	0.000          	
1994-05-21	RyeBioenergyBS 	5.486          	1.162          	0.000          	3.891          	0.432          	0.0000         	123.83         	123.83         	102.94         	0.075          	0.0058         	0.0000         	0.062          	0.116          	61.920         	12.708         	1.591          	
1994-09-28	Soybean        	10.572         	1.204          	3.177          	0.000          	6.190          	0.3392         	273.11         	273.11         	135.11         	0.298          	0.0119         	0.1577         	0.000          	0.000          	157.723        	140.558        	0.000          	
1995-05-08	RyeBioenergyBM 	5.395          	0.953          	0.000          	3.998          	0.444          	0.0000         	103.42         	103.42         	116.36         	0.082          	0.0054         	0.0000         	0.069          	0.076          	68.959         	13.059         	1.725          	
1995-09-11	Maize          	14.626         	2.300          	6.204          	0.000          	6.122          	0.5033         	337.11         	244.46         	128.33         	0.231          	0.0231         	0.1476         	0.000          	0.000          	147.621        	83.550         	0.000          	
1996-05-21	RyeBioenergyBS 	5.570          	1.173          	0.000          	3.957          	0.440          	0.0000         	114.06         	114.06         	126.25         	0.086          	0.0066         	0.0000         	0.071          	0.076          	71.139         	14.474         	1.798          	
1996-09-24	Soybean        	10.538         	1.264          	3.109          	0.000          	6.165          	0.3352         	275.10         	275.10         	157.34         	0.297          	0.0125         	0.1551         	0.000          	0.000          	155.085        	141.631        	0.000          	
1997-05-08	RyeBioenergyBM 	5.015          	1.015          	0.000          	3.600          	0.400          	0.0000         	104.70         	104.70         	123.81         	0.076          	0.0055         	0.0000         	0.063          	0.072          	63.296         	12.555         	1.758          	
1997-09-28	Maize          	19.959         	2.566          	10.203         	0.000          	7.190          	0.5866         	365.21         	322.19         	145.77         	0.230          	0.0222         	0.1582         	0.000          	0.000          	158.193        	72.213         	0.000          	
1998-05-21	RyeBioenergyBS 	6.312          	1.061          	1.192          	3.653          	0.406          	0.2271         	142.76         	142.76         	117.29         	0.084          	0.0056         	0.0301         	0.044          	0.143          	73.804         	10.431         	1.198          	
1998-09-27	Soybean        	9.624          	1.173          	2.815          	0.000          	5.636          	0.3331         	292.19         	272.89         	130.40         	0.278          	0.0115         	0.1449         	0.000          	0.000          	144.882        	133.544        	0.000          	
1999-05-08	RyeBioenergyBM 	6.299          	1.086          	0.865          	3.914          	0.435          	0.1659         	133.27         	133.27         	103.31         	0.082          	0.0056         	0.0209         	0.050          	0.118          	71.233         	11.184         	1.285          	
1999-09-28	Maize          	18.853         	2.547          	9.182          	0.000          	7.124          	0.5631         	407.06         	321.01         	112.23         	0.231          	0.0241         	0.1546         	0.000          	0.000          	154.579        	76.499         	0.000          	
2000-05-21	RyeBioenergyBS 	7.190          	1.081          	1.429          	4.211          	0.468          	0.2340         	162.08         	162.08         	118.11         	0.093          	0.0059         	0.0343         	0.048          	0.126          	81.878         	11.145         	1.129          	
2000-09-28	Soybean        	9.663          	1.208          	2.815          	0.000          	5.640          	0.3329         	253.94         	243.43         	136.79         	0.280          	0.0120         	0.1455         	0.000          	0.000          	145.458        	134.563        	0.000          	
2001-05-08	RyeBioenergyBM 	4.157          	0.912          	0.000          	2.920          	0.324          	0.0000         	88.87          	88.87          	122.26         	0.072          	0.0053         	0.0000         	0.060          	0.049          	60.356         	11.988         	2.067          	
2001-09-28	Maize          	16.363         	2.480          	7.452          	0.000          	6.431          	0.5368         	371.33         	265.35         	143.79         	0.228          	0.0238         	0.1493         	0.000          	0.000          	149.313        	78.624         	0.000          	
2002-05-21	RyeBioenergyBS 	8.201          	1.120          	1.881          	4.680          	0.520          	0.2656         	167.16         	167.16         	115.53         	0.103          	0.0065         	0.0429         	0.048          	0.124          	90.925         	11.847         	1.026          	
2002-09-26	Soybean        	6.951          	1.074          	1.828          	0.000          	4.049          	0.3110         	320.71         	204.05         	124.30         	0.208          	0.0106         	0.1011         	0.000          	0.000          	101.096        	106.538        	0.000          	
2003-05-08	RyeBioenergyBM 	3.923          	1.019          	0.000          	2.613          	0.290          	0.0000         	88.48          	88.48          	123.68         	0.069          	0.0057         	0.0000         	0.057          	0.062          	56.837         	12.033         	2.175          	
2003-09-28	Maize          	21.449         	2.707          	10.911         	0.000          	7.831          	0.5822         	323.83         	323.83         	145.45         	0.234          	0.0243         	0.1586         	0.000          	0.000          	158.616        	75.060         	0.000          	
2004-05-21	RyeBioenergyBS 	5.848          	1.008          	0.936          	3.514          	0.390          	0.1934         	135.15         	135.15         	102.67         	0.080          	0.0055         	0.0242         	0.046          	0.138          	69.756         	10.523         	1.298          	
2004-09-28	Soybean        	10.490         	1.249          	3.131          	0.000          	6.111          	0.3388         	257.12         	257.12         	149.33         	0.296          	0.0123         	0.1560         	0.000          	0.000          	156.014        	139.850        	0.000          	
2005-05-08	RyeBioenergyBM 	4.993          	0.999          	0.000          	3.595          	0.399          	0.0000         	100.53         	100.53         	106.90         	0.077          	0.0055         	0.0000         	0.065          	0.074          	64.801         	12.686         	1.803          	
2005-09-28	Maize          	12.935         	1.990          	5.626          	0.000          	5.319          	0.5140         	348.90         	221.32         	118.31         	0.202          	0.0196         	0.1309         	0.000          	0.000          	130.929        	71.326         	0.000          	
2006-05-21	RyeBioenergyBS 	7.613          	1.202          	1.280          	4.618          	0.513          	0.1997         	156.38         	156.38         	129.48         	0.107          	0.0070         	0.0334         	0.060          	0.076          	93.417         	13.709         	1.299          	
2006-09-28	Soybean        	9.805          	1.193          	2.876          	0.000          	5.736          	0.3340         	283.30         	266.19         	146.39         	0.281          	0.0118         	0.1465         	0.000          	0.000          	146.519        	134.587        	0.000          	
2007-05-08	RyeBioenergyBM 	5.135          	0.952          	0.000          	3.764          	0.418          	0.0000         	105.60         	105.60         	116.39         	0.083          	0.0056         	0.0000         	0.069          	0.066          	69.414         	13.330         	1.844          	
2007-09-17	Maize          	20.135         	2.754          	9.868          	0.000          	7.514          	0.5677         	379.53         	330.83         	113.82         	0.230          	0.0249         	0.1538         	0.000          	0.000          	153.804        	76.307         	0.000          	
2008-05-21	RyeBioenergyBS 	5.549          	1.004          	0.698          	3.463          	0.385          	0.1535         	111.90         	111.90         	113.16         	0.080          	0.0056         	0.0187         	0.050          	0.107          	69.146         	11.185         	1.458          	
2008-09-28	Soybean        	9.136          	1.146          	2.659          	0.000          	5.331          	0.3328         	290.82         	256.87         	139.49         	0.270          	0.0114         	0.1402         	0.000          	0.000          	140.171        	129.606        	0.000          	
2009-05-08	RyeBioenergyBM 	4.433          	0.981          	0.000          	3.107          	0.345          	0.0000         	86.42          	86.42          	119.86         	0.076          	0.0056         	0.0000         	0.063          	0.064          	63.457         	12.640         	2.042          	
2009-09-28	Maize          	22.808         	2.996          	11.392         	0.000          	8.420          	0.5750         	337.75         	337.75         	146.17         	0.253          	0.0274         	0.1699         	0.000          	0.000          	169.853        	82.961         	0.000          	
2010-05-21	RyeBioenergyBS 	6.633          	1.201          	0.959          	4.026          	0.447          	0.1765         	158.25         	158.25         	85.06          	0.081          	0.0059         	0.0218         	0.048          	0.146          	69.381         	11.233         	1.181          	
2010-09-28	Soybean        	9.583          	1.219          	2.783          	0.000          	5.581          	0.3327         	307.38         	283.66         	107.78         	0.280          	0.0120         	0.1456         	0.000          	0.000          	145.587        	134.860        	0.000          	
2011-05-08	RyeBioenergyBM 	4.433          	0.966          	0.000          	3.120          	0.347          	0.0000         	85.97          	85.97          	110.70         	0.074          	0.0055         	0.0000         	0.062          	0.064          	61.941         	12.376         	1.985          	
2011-09-24	Maize          	19.731         	2.500          	10.475         	0.000          	6.756          	0.6079         	370.17         	317.53         	145.89         	0.244          	0.0237         	0.1701         	0.000          	0.000          	170.073        	74.326         	0.000          	
2012-05-21	RyeBioenergyBS 	7.906          	1.094          	1.741          	4.564          	0.507          	0.2556         	166.10         	166.10         	119.74         	0.098          	0.0060         	0.0394         	0.047          	0.157          	86.523         	11.214         	1.032          	
2012-09-26	Soybean        	10.541         	1.274          	3.124          	0.000          	6.143          	0.3371         	297.10         	296.80         	128.60         	0.297          	0.0126         	0.1561         	0.000          	0.000          	156.090        	141.304        	0.000          	
