DATE      	CROP           	TOTAL BIOMASS  	ROOT BIOMASS   	GRAIN YIELD    	FORAGE YIELD   	AG RESIDUE     	HARVEST INDEX  	POTENTIAL TR   	ACTUAL TR      	SOIL EVAP      	TOTAL N        	ROOT N         	GRAIN N        	FORAGE N       	CUM. N STRESS  	N IN HARVEST   	N IN RESIDUE   	N CONCN FORAGE 
YYYY-MM-DD	-              	Mg/ha          	Mg/ha          	Mg/ha          	Mg/ha          	Mg/ha          	Mg/Mg          	mm             	mm             	mm             	Mg/ha          	Mg/ha          	Mg/ha          	Mg/ha          	-              	kg/ha          	kg/ha          	%              
1984-09-17	Maize          	21.077         	2.710          	10.519         	0.000          	7.848          	0.5727         	338.63         	338.63         	151.34         	0.216          	0.0233         	0.1447         	0.000          	0.000          	144.713        	70.939         	0.000          	
1985-05-21	RyeBioenergyBS 	6.915          	1.125          	1.344          	4.002          	0.445          	0.2321         	180.35         	180.35         	93.94          	0.080          	0.0056         	0.0290         	0.041          	0.180          	69.784         	10.167         	1.018          	
1985-09-13	Soybean        	7.790          	1.136          	2.090          	0.000          	4.564          	0.3141         	252.99         	221.00         	134.50         	0.243          	0.0115         	0.1196         	0.000          	0.000          	119.639        	123.152        	0.000          	
1986-05-08	RyeBioenergyBM 	5.188          	1.040          	0.000          	3.733          	0.415          	0.0000         	119.19         	119.19         	124.54         	0.077          	0.0057         	0.0000         	0.064          	0.095          	64.220         	12.810         	1.720          	
1986-09-17	Maize          	18.584         	2.759          	8.741          	0.000          	7.083          	0.5524         	341.51         	294.67         	127.00         	0.221          	0.0254         	0.1452         	0.000          	0.000          	145.160        	76.192         	0.000          	
1987-05-21	RyeBioenergyBS 	6.144          	1.136          	0.000          	4.507          	0.501          	0.0000         	140.79         	140.79         	122.30         	0.084          	0.0060         	0.0000         	0.070          	0.104          	69.891         	13.741         	1.551          	
1987-09-26	Soybean        	9.883          	1.169          	2.901          	0.000          	5.813          	0.3329         	287.15         	279.51         	137.63         	0.284          	0.0116         	0.1476         	0.000          	0.000          	147.581        	135.986        	0.000          	
1988-05-08	RyeBioenergyBM 	4.449          	0.984          	0.000          	3.118          	0.346          	0.0000         	86.81          	86.81          	126.70         	0.075          	0.0056         	0.0000         	0.063          	0.052          	62.810         	12.627         	2.014          	
1988-09-28	Maize          	16.755         	2.333          	8.239          	0.000          	6.183          	0.5713         	381.03         	297.35         	128.20         	0.222          	0.0201         	0.1515         	0.000          	0.000          	151.483        	70.170         	0.000          	
1989-05-21	RyeBioenergyBS 	5.800          	1.121          	0.000          	4.211          	0.468          	0.0000         	111.79         	111.79         	123.11         	0.088          	0.0062         	0.0000         	0.074          	0.065          	73.895         	14.455         	1.755          	
1989-09-24	Soybean        	9.247          	1.153          	2.700          	0.000          	5.394          	0.3336         	255.70         	241.23         	136.92         	0.274          	0.0114         	0.1428         	0.000          	0.000          	142.756        	131.357        	0.000          	
1990-05-08	RyeBioenergyBM 	5.415          	1.031          	0.000          	3.946          	0.438          	0.0000         	110.09         	110.09         	128.53         	0.085          	0.0060         	0.0000         	0.071          	0.075          	71.441         	13.956         	1.810          	
1990-09-18	Maize          	20.416         	2.677          	10.206         	0.000          	7.534          	0.5753         	321.94         	321.94         	153.74         	0.234          	0.0240         	0.1582         	0.000          	0.000          	158.242        	75.721         	0.000          	
1991-05-21	RyeBioenergyBS 	7.567          	1.178          	1.543          	4.362          	0.485          	0.2415         	167.02         	167.02         	110.86         	0.090          	0.0063         	0.0341         	0.045          	0.157          	78.870         	11.304         	1.027          	
1991-09-21	Soybean        	7.929          	1.019          	2.255          	0.000          	4.654          	0.3264         	278.19         	233.57         	89.11          	0.243          	0.0101         	0.1241         	0.000          	0.000          	124.125        	118.414        	0.000          	
1992-05-08	RyeBioenergyBM 	4.688          	0.905          	0.000          	3.405          	0.378          	0.0000         	82.97          	82.97          	124.52         	0.079          	0.0052         	0.0000         	0.066          	0.059          	66.172         	12.578         	1.943          	
1992-09-25	Maize          	21.399         	2.801          	10.931         	0.000          	7.667          	0.5877         	317.82         	317.82         	126.11         	0.238          	0.0249         	0.1616         	0.000          	0.000          	161.629        	75.877         	0.000          	
1993-05-21	RyeBioenergyBS 	4.766          	1.017          	0.000          	3.375          	0.375          	0.0000         	119.54         	119.54         	100.23         	0.070          	0.0052         	0.0000         	0.059          	0.114          	58.645         	11.755         	1.738          	
1993-09-28	Soybean        	8.919          	1.123          	2.625          	0.000          	5.172          	0.3367         	283.75         	247.99         	115.85         	0.260          	0.0111         	0.1362         	0.000          	0.000          	136.237        	123.742        	0.000          	
1994-05-08	RyeBioenergyBM 	3.793          	0.936          	0.000          	2.572          	0.286          	0.0000         	88.90          	88.90          	111.84         	0.062          	0.0049         	0.0000         	0.051          	0.096          	51.029         	10.543         	1.984          	
1994-09-28	Maize          	22.653         	2.733          	11.912         	0.000          	8.007          	0.5980         	344.43         	344.43         	144.27         	0.248          	0.0241         	0.1712         	0.000          	0.000          	171.247        	76.539         	0.000          	
1995-05-21	RyeBioenergyBS 	6.543          	1.039          	1.114          	3.951          	0.439          	0.2024         	135.11         	135.11         	107.42         	0.085          	0.0055         	0.0271         	0.048          	0.124          	74.677         	10.802         	1.204          	
1995-09-11	Soybean        	6.681          	0.987          	1.791          	0.000          	3.903          	0.3145         	257.74         	196.14         	123.77         	0.218          	0.0099         	0.1079         	0.000          	0.000          	107.861        	110.349        	0.000          	
1996-05-08	RyeBioenergyBM 	3.971          	0.983          	0.000          	2.689          	0.299          	0.0000         	83.22          	83.22          	142.92         	0.072          	0.0057         	0.0000         	0.060          	0.059          	60.103         	12.370         	2.235          	
1996-09-25	Maize          	22.857         	2.847          	11.755         	0.000          	8.255          	0.5874         	350.08         	350.08         	152.89         	0.234          	0.0248         	0.1592         	0.000          	0.000          	159.187        	74.961         	0.000          	
1997-05-21	RyeBioenergyBS 	6.111          	1.106          	0.000          	4.505          	0.501          	0.0000         	137.76         	137.76         	106.57         	0.076          	0.0055         	0.0000         	0.063          	0.119          	63.467         	12.534         	1.409          	
1997-09-28	Soybean        	10.147         	1.248          	2.965          	0.000          	5.934          	0.3332         	294.74         	283.00         	120.72         	0.285          	0.0125         	0.1480         	0.000          	0.000          	148.044        	137.075        	0.000          	
1998-05-08	RyeBioenergyBM 	4.993          	0.965          	0.000          	3.625          	0.403          	0.0000         	102.86         	102.86         	120.95         	0.080          	0.0054         	0.0000         	0.067          	0.099          	67.330         	12.915         	1.857          	
1998-09-25	Maize          	19.362         	2.587          	9.428          	0.000          	7.347          	0.5620         	369.04         	317.28         	114.24         	0.235          	0.0241         	0.1573         	0.000          	0.000          	157.343        	77.575         	0.000          	
1999-05-21	RyeBioenergyBS 	7.929          	1.203          	1.563          	4.646          	0.516          	0.2324         	175.26         	175.26         	97.16          	0.091          	0.0061         	0.0333         	0.047          	0.162          	79.954         	11.326         	1.004          	
1999-09-28	Soybean        	8.892          	1.121          	2.566          	0.000          	5.204          	0.3302         	313.73         	260.37         	114.41         	0.254          	0.0111         	0.1308         	0.000          	0.000          	130.786        	122.951        	0.000          	
2000-05-08	RyeBioenergyBM 	5.677          	0.968          	0.800          	3.517          	0.391          	0.1700         	118.73         	118.73         	131.02         	0.083          	0.0054         	0.0217         	0.050          	0.095          	71.966         	11.004         	1.428          	
2000-09-28	Maize          	18.841         	2.648          	9.066          	0.000          	7.126          	0.5599         	323.64         	278.85         	140.03         	0.221          	0.0232         	0.1471         	0.000          	0.000          	147.122        	73.482         	0.000          	
2001-05-21	RyeBioenergyBS 	5.590          	1.057          	0.000          	4.080          	0.453          	0.0000         	127.60         	127.60         	109.54         	0.083          	0.0058         	0.0000         	0.069          	0.084          	69.354         	13.525         	1.700          	
2001-09-28	Soybean        	7.699          	1.080          	2.149          	0.000          	4.470          	0.3247         	296.38         	215.37         	139.81         	0.231          	0.0107         	0.1171         	0.000          	0.000          	117.101        	113.822        	0.000          	
2002-05-08	RyeBioenergyBM 	6.495          	1.000          	1.298          	3.777          	0.420          	0.2363         	138.39         	138.39         	117.10         	0.088          	0.0058         	0.0327         	0.045          	0.120          	77.354         	10.793         	1.181          	
2002-09-27	Maize          	13.135         	2.252          	5.274          	0.000          	5.609          	0.4846         	389.14         	223.57         	142.40         	0.203          	0.0222         	0.1261         	0.000          	0.000          	126.139        	77.305         	0.000          	
2003-05-21	RyeBioenergyBS 	5.733          	1.264          	0.000          	4.022          	0.447          	0.0000         	119.73         	119.73         	108.71         	0.091          	0.0072         	0.0000         	0.075          	0.068          	75.270         	15.583         	1.871          	
2003-09-28	Soybean        	9.841          	1.183          	2.896          	0.000          	5.762          	0.3345         	251.57         	251.57         	135.76         	0.286          	0.0117         	0.1493         	0.000          	0.000          	149.270        	136.496        	0.000          	
2004-05-08	RyeBioenergyBM 	4.797          	0.934          	0.000          	3.477          	0.386          	0.0000         	96.81          	96.81          	109.13         	0.080          	0.0055         	0.0000         	0.067          	0.075          	66.843         	12.911         	1.923          	
2004-09-26	Maize          	22.831         	2.899          	11.850         	0.000          	8.083          	0.5945         	330.77         	330.77         	162.88         	0.249          	0.0261         	0.1700         	0.000          	0.000          	169.987        	78.602         	0.000          	
2005-05-21	RyeBioenergyBS 	6.189          	1.095          	0.810          	3.855          	0.428          	0.1591         	141.57         	141.57         	94.55          	0.079          	0.0055         	0.0191         	0.049          	0.121          	67.927         	10.957         	1.267          	
2005-09-27	Soybean        	5.872          	0.800          	1.624          	0.000          	3.447          	0.3203         	256.53         	173.04         	110.06         	0.190          	0.0079         	0.0957         	0.000          	0.000          	95.684         	94.142         	0.000          	
2006-05-08	RyeBioenergyBM 	5.158          	0.966          	0.000          	3.772          	0.419          	0.0000         	126.24         	126.24         	143.19         	0.073          	0.0053         	0.0000         	0.061          	0.105          	60.851         	12.036         	1.613          	
2006-09-28	Maize          	19.335         	2.557          	9.497          	0.000          	7.281          	0.5661         	346.05         	305.92         	156.38         	0.231          	0.0238         	0.1551         	0.000          	0.000          	155.127        	75.890         	0.000          	
2007-05-21	RyeBioenergyBS 	6.478          	1.051          	1.081          	3.912          	0.435          	0.1991         	147.09         	147.09         	110.42         	0.087          	0.0058         	0.0271         	0.049          	0.110          	75.894         	11.205         	1.248          	
2007-09-17	Soybean        	9.663          	1.253          	2.763          	0.000          	5.647          	0.3286         	293.72         	274.62         	114.81         	0.278          	0.0126         	0.1423         	0.000          	0.000          	142.302        	135.324        	0.000          	
2008-05-08	RyeBioenergyBM 	4.742          	0.952          	0.000          	3.411          	0.379          	0.0000         	86.26          	86.26          	124.62         	0.084          	0.0058         	0.0000         	0.070          	0.060          	70.241         	13.609         	2.059          	
2008-09-28	Maize          	17.902         	2.535          	8.406          	0.000          	6.962          	0.5470         	362.95         	290.90         	144.81         	0.235          	0.0246         	0.1552         	0.000          	0.000          	155.179        	79.801         	0.000          	
2009-05-21	RyeBioenergyBS 	6.315          	1.177          	0.000          	4.624          	0.514          	0.0000         	124.98         	124.98         	110.46         	0.090          	0.0063         	0.0000         	0.075          	0.082          	75.145         	14.642         	1.625          	
2009-09-28	Soybean        	10.550         	1.318          	3.074          	0.000          	6.158          	0.3330         	269.02         	269.02         	143.18         	0.296          	0.0131         	0.1534         	0.000          	0.000          	153.447        	142.412        	0.000          	
2010-05-08	RyeBioenergyBM 	5.621          	1.123          	0.000          	4.048          	0.450          	0.0000         	127.84         	127.84         	98.93          	0.083          	0.0061         	0.0000         	0.069          	0.098          	69.146         	13.818         	1.708          	
2010-09-26	Maize          	17.792         	2.497          	8.545          	0.000          	6.750          	0.5587         	373.10         	302.60         	130.55         	0.239          	0.0226         	0.1615         	0.000          	0.000          	161.473        	78.024         	0.000          	
2011-05-21	RyeBioenergyBS 	5.994          	1.123          	0.000          	4.384          	0.487          	0.0000         	119.18         	119.18         	104.02         	0.086          	0.0061         	0.0000         	0.072          	0.098          	72.160         	14.142         	1.646          	
2011-09-28	Soybean        	9.594          	1.149          	2.857          	0.000          	5.588          	0.3383         	288.19         	267.07         	129.12         	0.272          	0.0113         	0.1435         	0.000          	0.000          	143.499        	128.910        	0.000          	
2012-05-08	RyeBioenergyBM 	6.608          	1.011          	1.226          	3.933          	0.437          	0.2191         	136.07         	136.07         	120.78         	0.092          	0.0057         	0.0317         	0.049          	0.122          	80.531         	11.159         	1.242          	
2012-09-22	Maize          	20.160         	2.611          	10.461         	0.000          	7.088          	0.5961         	369.83         	329.04         	158.77         	0.229          	0.0232         	0.1576         	0.000          	0.000          	157.638        	71.736         	0.000          	
