DATE      	CROP           	TOTAL BIOMASS  	ROOT BIOMASS   	GRAIN YIELD    	FORAGE YIELD   	AG RESIDUE     	HARVEST INDEX  	POTENTIAL TR   	ACTUAL TR      	SOIL EVAP      	TOTAL N        	ROOT N         	GRAIN N        	FORAGE N       	CUM. N STRESS  	N IN HARVEST   	N IN RESIDUE   	N CONCN FORAGE 
YYYY-MM-DD	-              	Mg/ha          	Mg/ha          	Mg/ha          	Mg/ha          	Mg/ha          	Mg/Mg          	mm             	mm             	mm             	Mg/ha          	Mg/ha          	Mg/ha          	Mg/ha          	-              	kg/ha          	kg/ha          	%              
1984-09-05	Soybean        	10.573         	1.233          	3.254          	0.000          	6.086          	0.3484         	322.88         	304.75         	160.00         	0.296          	0.0121         	0.1598         	0.000          	0.000          	159.844        	136.540        	0.000          	
1985-08-30	Maize          	19.749         	2.731          	10.200         	0.000          	6.817          	0.5994         	433.61         	330.20         	116.78         	0.225          	0.0251         	0.1531         	0.000          	0.000          	153.105        	71.789         	0.000          	
1986-09-02	Soybean        	8.072          	0.981          	2.441          	0.000          	4.650          	0.3443         	313.37         	246.88         	134.39         	0.234          	0.0097         	0.1250         	0.000          	0.000          	124.994        	109.000        	0.000          	
1987-08-31	Maize          	12.623         	2.141          	5.798          	0.000          	4.684          	0.5532         	393.51         	221.99         	155.80         	0.195          	0.0211         	0.1291         	0.000          	0.000          	129.116        	66.144         	0.000          	
1988-09-10	Soybean        	7.443          	0.917          	2.266          	0.000          	4.260          	0.3472         	347.53         	229.60         	169.23         	0.191          	0.0090         	0.1022         	0.000          	0.000          	102.231        	89.080         	0.000          	
1989-09-02	Maize          	21.326         	2.656          	11.667         	0.000          	7.003          	0.6249         	358.14         	341.17         	158.92         	0.204          	0.0207         	0.1426         	0.000          	0.017          	142.614        	61.146         	0.000          	
1990-09-04	Soybean        	10.348         	1.271          	3.110          	0.000          	5.967          	0.3426         	338.47         	301.00         	159.79         	0.282          	0.0125         	0.1497         	0.000          	0.000          	149.737        	132.477        	0.000          	
1991-08-31	Maize          	15.503         	2.088          	8.338          	0.000          	5.077          	0.6215         	399.59         	276.98         	151.70         	0.227          	0.0205         	0.1606         	0.000          	0.000          	160.621        	66.527         	0.000          	
1992-09-11	Soybean        	10.200         	1.256          	3.083          	0.000          	5.860          	0.3447         	326.01         	292.88         	159.02         	0.284          	0.0123         	0.1517         	0.000          	0.000          	151.705        	132.639        	0.000          	
1993-09-06	Maize          	14.084         	2.189          	7.050          	0.000          	4.846          	0.5926         	459.42         	252.26         	162.56         	0.196          	0.0215         	0.1328         	0.000          	0.000          	132.805        	62.778         	0.000          	
1994-09-04	Soybean        	9.526          	1.121          	2.912          	0.000          	5.493          	0.3464         	305.03         	270.55         	154.41         	0.271          	0.0110         	0.1457         	0.000          	0.000          	145.656        	125.534        	0.000          	
1995-09-03	Maize          	15.979         	2.338          	8.254          	0.000          	5.386          	0.6051         	379.38         	268.16         	148.24         	0.230          	0.0230         	0.1596         	0.000          	0.000          	159.622        	70.863         	0.000          	
1996-09-05	Soybean        	11.790         	1.362          	3.622          	0.000          	6.805          	0.3474         	328.76         	328.62         	149.83         	0.319          	0.0134         	0.1715         	0.000          	0.000          	171.500        	147.566        	0.000          	
1997-09-15	Maize          	14.371         	2.144          	7.225          	0.000          	5.001          	0.5909         	421.45         	240.65         	177.96         	0.204          	0.0211         	0.1396         	0.000          	0.000          	139.563        	64.698         	0.000          	
1998-09-05	Soybean        	8.670          	1.186          	2.541          	0.000          	4.942          	0.3396         	335.89         	256.50         	154.14         	0.258          	0.0116         	0.1359         	0.000          	0.000          	135.944        	122.320        	0.000          	
1999-09-06	Maize          	13.007         	2.022          	6.381          	0.000          	4.605          	0.5808         	420.15         	247.42         	173.05         	0.202          	0.0199         	0.1380         	0.000          	0.000          	138.049        	64.258         	0.000          	
2000-09-06	Soybean        	10.669         	1.252          	3.271          	0.000          	6.146          	0.3474         	312.02         	304.22         	162.41         	0.298          	0.0123         	0.1602         	0.000          	0.000          	160.183        	137.618        	0.000          	
2001-09-01	Maize          	21.711         	2.868          	11.589         	0.000          	7.254          	0.6150         	394.03         	349.17         	114.80         	0.239          	0.0257         	0.1652         	0.000          	0.000          	165.172        	73.835         	0.000          	
2002-09-08	Soybean        	7.521          	1.076          	2.130          	0.000          	4.315          	0.3305         	350.53         	227.20         	169.72         	0.214          	0.0106         	0.1098         	0.000          	0.000          	109.804        	104.345        	0.000          	
2003-09-04	Maize          	21.404         	2.638          	11.698         	0.000          	7.069          	0.6233         	343.87         	327.03         	152.68         	0.207          	0.0210         	0.1448         	0.000          	0.002          	144.835        	62.225         	0.000          	
2004-08-28	Soybean        	11.527         	1.315          	3.556          	0.000          	6.656          	0.3482         	299.74         	299.74         	154.80         	0.314          	0.0129         	0.1695         	0.000          	0.000          	169.503        	144.976        	0.000          	
2005-09-07	Maize          	22.442         	2.820          	12.336         	0.000          	7.286          	0.6287         	398.48         	357.77         	149.28         	0.245          	0.0256         	0.1715         	0.000          	0.000          	171.490        	73.723         	0.000          	
2006-09-05	Soybean        	10.618         	1.361          	3.177          	0.000          	6.080          	0.3432         	352.77         	311.01         	120.03         	0.297          	0.0134         	0.1577         	0.000          	0.000          	157.712        	139.413        	0.000          	
2007-09-04	Maize          	17.417         	2.523          	8.804          	0.000          	6.090          	0.5911         	456.30         	309.02         	149.59         	0.238          	0.0248         	0.1625         	0.000          	0.000          	162.527        	75.515         	0.000          	
2008-09-05	Soybean        	8.991          	1.245          	2.621          	0.000          	5.126          	0.3383         	374.19         	266.95         	141.61         	0.257          	0.0123         	0.1343         	0.000          	0.000          	134.261        	122.294        	0.000          	
2009-08-27	Maize          	21.227         	2.886          	11.128         	0.000          	7.212          	0.6068         	382.30         	304.33         	148.60         	0.240          	0.0265         	0.1647         	0.000          	0.000          	164.740        	75.678         	0.000          	
2010-09-02	Soybean        	9.217          	1.156          	2.756          	0.000          	5.306          	0.3419         	398.53         	278.30         	149.67         	0.243          	0.0114         	0.1283         	0.000          	0.000          	128.323        	114.615        	0.000          	
2011-08-21	Maize          	15.275         	2.381          	7.532          	0.000          	5.361          	0.5842         	404.68         	240.25         	177.25         	0.208          	0.0229         	0.1406         	0.000          	0.000          	140.596        	67.661         	0.000          	
2012-08-29	Soybean        	10.093         	1.308          	2.998          	0.000          	5.788          	0.3412         	383.81         	292.91         	179.67         	0.277          	0.0128         	0.1461         	0.000          	0.000          	146.092        	130.782        	0.000          	
