DATE      	CROP           	TOTAL BIOMASS  	ROOT BIOMASS   	GRAIN YIELD    	FORAGE YIELD   	AG RESIDUE     	HARVEST INDEX  	POTENTIAL TR   	ACTUAL TR      	SOIL EVAP      	TOTAL N        	ROOT N         	GRAIN N        	FORAGE N       	CUM. N STRESS  	N IN HARVEST   	N IN RESIDUE   	N CONCN FORAGE 
YYYY-MM-DD	-              	Mg/ha          	Mg/ha          	Mg/ha          	Mg/ha          	Mg/ha          	Mg/Mg          	mm             	mm             	mm             	Mg/ha          	Mg/ha          	Mg/ha          	Mg/ha          	-              	kg/ha          	kg/ha          	%              
1984-09-24	Soybean        	10.883         	1.244          	3.248          	0.000          	6.390          	0.3370         	298.23         	298.23         	156.16         	0.306          	0.0123         	0.1611         	0.000          	0.000          	161.081        	145.173        	0.000          	
1985-04-28	RyeBioenergyBM 	6.387          	1.166          	0.000          	4.699          	0.522          	0.0000         	141.11         	141.11         	86.00          	0.086          	0.0063         	0.0000         	0.072          	0.104          	71.917         	14.340         	1.530          	
1985-09-25	Maize          	20.909         	2.739          	10.662         	5.031          	2.478          	0.5868         	387.89         	342.73         	149.90         	0.221          	0.0238         	0.1499         	0.032          	0.000          	181.608        	39.397         	0.631          	
1986-05-10	Triticale      	6.630          	1.096          	0.000          	0.000          	5.534          	0.0000         	150.30         	150.30         	127.69         	0.090          	0.0057         	0.0000         	0.000          	0.106          	0.000          	89.795         	0.000          	
1986-09-26	Soybean        	10.557         	1.275          	3.139          	0.000          	6.142          	0.3382         	314.51         	302.05         	95.25          	0.292          	0.0126         	0.1538         	0.000          	0.000          	153.806        	138.670        	0.000          	
1987-04-28	RyeBioenergyBM 	4.828          	1.043          	0.000          	3.406          	0.378          	0.0000         	88.44          	88.44          	120.12         	0.087          	0.0062         	0.0000         	0.073          	0.036          	72.739         	14.327         	2.136          	
1987-09-26	Maize          	17.532         	2.396          	8.393          	4.518          	2.225          	0.5545         	404.28         	304.87         	117.39         	0.224          	0.0226         	0.1492         	0.035          	0.000          	183.924        	39.734         	0.769          	
1988-05-10	Triticale      	6.333          	1.283          	0.000          	0.000          	5.049          	0.0000         	118.82         	118.82         	140.76         	0.095          	0.0071         	0.0000         	0.000          	0.045          	0.000          	94.797         	0.000          	
1988-09-28	Soybean        	9.140          	1.101          	2.743          	0.000          	5.296          	0.3412         	317.25         	275.18         	110.35         	0.256          	0.0110         	0.1356         	0.000          	0.000          	135.632        	120.459        	0.000          	
1989-04-28	RyeBioenergyBM 	4.473          	1.004          	0.000          	3.123          	0.347          	0.0000         	85.28          	85.28          	121.09         	0.078          	0.0058         	0.0000         	0.065          	0.030          	65.256         	13.096         	2.090          	
1989-09-25	Maize          	19.508         	2.609          	9.536          	4.933          	2.430          	0.5643         	350.10         	307.80         	133.71         	0.227          	0.0233         	0.1520         	0.034          	0.000          	186.396        	40.254         	0.697          	
1990-05-10	Triticale      	6.911          	1.254          	0.000          	0.000          	5.658          	0.0000         	144.76         	144.76         	133.85         	0.095          	0.0068         	0.0000         	0.000          	0.078          	0.000          	94.804         	0.000          	
1990-09-18	Soybean        	9.927          	1.232          	2.880          	0.000          	5.816          	0.3312         	292.78         	280.60         	94.63          	0.285          	0.0123         	0.1471         	0.000          	0.000          	147.118        	137.442        	0.000          	
1991-04-28	RyeBioenergyBM 	6.661          	1.187          	0.000          	4.927          	0.547          	0.0000         	118.01         	118.01         	114.66         	0.101          	0.0070         	0.0000         	0.084          	0.053          	84.469         	16.417         	1.714          	
1991-09-22	Maize          	16.103         	2.167          	8.086          	3.919          	1.930          	0.5802         	410.95         	281.47         	114.55         	0.214          	0.0187         	0.1477         	0.032          	0.000          	179.513        	34.380         	0.813          	
1992-05-10	Triticale      	6.190          	1.149          	0.000          	0.000          	5.041          	0.0000         	103.34         	103.34         	137.71         	0.098          	0.0066         	0.0000         	0.000          	0.041          	0.000          	98.239         	0.000          	
1992-09-28	Soybean        	10.687         	1.312          	3.158          	0.000          	6.218          	0.3368         	287.13         	287.13         	113.86         	0.301          	0.0130         	0.1579         	0.000          	0.000          	157.944        	143.486        	0.000          	
1993-04-28	RyeBioenergyBM 	3.677          	0.937          	0.000          	2.466          	0.274          	0.0000         	64.80          	64.80          	105.80         	0.072          	0.0055         	0.0000         	0.060          	0.033          	59.746         	12.185         	2.423          	
1993-09-24	Maize          	18.909         	2.719          	8.641          	5.058          	2.491          	0.5337         	402.92         	318.14         	114.78         	0.235          	0.0253         	0.1531         	0.038          	0.000          	191.130        	44.037         	0.752          	
1994-05-10	Triticale      	5.866          	1.259          	0.000          	0.000          	4.607          	0.0000         	117.50         	117.50         	130.44         	0.089          	0.0069         	0.0000         	0.000          	0.064          	0.000          	88.933         	0.000          	
1994-09-24	Soybean        	11.044         	1.270          	3.304          	0.000          	6.470          	0.3381         	298.04         	298.04         	113.73         	0.308          	0.0125         	0.1622         	0.000          	0.000          	162.218        	145.621        	0.000          	
1995-04-28	RyeBioenergyBM 	6.094          	1.084          	0.000          	4.508          	0.501          	0.0000         	110.06         	110.06         	112.42         	0.094          	0.0063         	0.0000         	0.079          	0.049          	79.042         	15.047         	1.753          	
1995-09-23	Maize          	15.532         	2.269          	6.907          	4.258          	2.097          	0.5208         	367.70         	261.95         	126.12         	0.231          	0.0222         	0.1502         	0.039          	0.000          	189.125        	41.387         	0.913          	
1996-05-10	Triticale      	5.200          	1.223          	0.000          	0.000          	3.976          	0.0000         	107.43         	107.43         	141.52         	0.084          	0.0068         	0.0000         	0.000          	0.071          	0.000          	83.586         	0.000          	
1996-09-20	Soybean        	10.889         	1.285          	3.222          	0.000          	6.382          	0.3355         	286.10         	285.98         	131.87         	0.303          	0.0127         	0.1586         	0.000          	0.000          	158.618        	144.564        	0.000          	
1997-04-28	RyeBioenergyBM 	5.376          	1.137          	0.000          	3.815          	0.424          	0.0000         	98.36          	98.36          	112.78         	0.083          	0.0062         	0.0000         	0.069          	0.057          	69.225         	13.876         	1.815          	
1997-09-28	Maize          	19.196         	2.505          	9.677          	4.699          	2.315          	0.5798         	397.20         	321.67         	134.58         	0.219          	0.0226         	0.1484         	0.032          	0.000          	180.489        	38.420         	0.682          	
1998-05-10	Triticale      	6.978          	1.231          	0.000          	0.000          	5.747          	0.0000         	139.16         	139.16         	126.96         	0.094          	0.0066         	0.0000         	0.000          	0.112          	0.000          	93.650         	0.000          	
1998-09-22	Soybean        	10.752         	1.241          	3.194          	0.000          	6.316          	0.3359         	310.31         	306.50         	117.41         	0.301          	0.0122         	0.1578         	0.000          	0.000          	157.762        	143.140        	0.000          	
1999-04-28	RyeBioenergyBM 	7.158          	1.292          	0.000          	5.279          	0.587          	0.0000         	126.17         	126.17         	89.98          	0.101          	0.0070         	0.0000         	0.085          	0.056          	84.565         	16.446         	1.602          	
1999-09-26	Maize          	15.683         	2.145          	7.863          	3.802          	1.873          	0.5808         	430.74         	269.96         	130.61         	0.215          	0.0198         	0.1477         	0.032          	0.000          	179.517        	35.438         	0.837          	
2000-05-10	Triticale      	8.228          	1.278          	0.000          	0.000          	6.950          	0.0000         	162.46         	162.46         	135.41         	0.109          	0.0071         	0.0000         	0.000          	0.068          	0.000          	109.430        	0.000          	
2000-09-25	Soybean        	10.586         	1.286          	3.100          	0.000          	6.199          	0.3334         	282.81         	276.04         	118.08         	0.297          	0.0127         	0.1546         	0.000          	0.000          	154.562        	142.686        	0.000          	
2001-04-28	RyeBioenergyBM 	4.267          	1.028          	0.000          	2.915          	0.324          	0.0000         	70.70          	70.70          	104.82         	0.082          	0.0062         	0.0000         	0.069          	0.023          	68.526         	13.814         	2.351          	
2001-09-27	Maize          	19.988         	2.797          	9.265          	5.311          	2.616          	0.5389         	413.16         	335.11         	135.80         	0.236          	0.0262         	0.1537         	0.038          	0.000          	191.203        	44.719         	0.707          	
2002-05-10	Triticale      	6.768          	0.874          	0.000          	0.000          	5.894          	0.0000         	129.25         	129.25         	153.40         	0.103          	0.0050         	0.0000         	0.000          	0.126          	0.000          	102.573        	0.000          	
2002-09-28	Soybean        	7.193          	1.047          	1.990          	0.000          	4.157          	0.3237         	373.39         	224.72         	97.44          	0.197          	0.0103         	0.0988         	0.000          	0.000          	98.831         	97.802         	0.000          	
2003-04-28	RyeBioenergyBM 	3.429          	0.951          	0.000          	2.230          	0.248          	0.0000         	69.90          	69.90          	117.32         	0.066          	0.0054         	0.0000         	0.054          	0.036          	54.193         	11.459         	2.430          	
2003-09-27	Maize          	21.628         	2.681          	11.159         	5.218          	2.570          	0.5889         	354.24         	345.18         	156.68         	0.231          	0.0238         	0.1574         	0.033          	0.000          	190.504        	40.094         	0.635          	
2004-05-10	Triticale      	6.640          	1.208          	0.000          	0.000          	5.432          	0.0000         	134.12         	134.12         	125.44         	0.090          	0.0063         	0.0000         	0.000          	0.085          	0.000          	89.996         	0.000          	
2004-09-20	Soybean        	10.806         	1.301          	3.190          	0.000          	6.315          	0.3356         	284.63         	284.63         	124.23         	0.303          	0.0128         	0.1586         	0.000          	0.000          	158.554        	144.563        	0.000          	
2005-04-28	RyeBioenergyBM 	5.559          	1.154          	0.000          	3.965          	0.441          	0.0000         	101.10         	101.10         	106.88         	0.091          	0.0066         	0.0000         	0.076          	0.042          	76.144         	15.045         	1.920          	
2005-09-23	Maize          	18.780         	2.642          	8.930          	4.829          	2.379          	0.5534         	384.17         	324.75         	111.77         	0.228          	0.0231         	0.1518         	0.035          	0.000          	187.339        	40.548         	0.735          	
2006-05-10	Triticale      	7.264          	1.197          	0.000          	0.000          	6.068          	0.0000         	165.49         	165.49         	136.19         	0.090          	0.0061         	0.0000         	0.000          	0.114          	0.000          	89.595         	0.000          	
2006-09-24	Soybean        	8.111          	1.074          	2.284          	0.000          	4.754          	0.3245         	295.92         	232.77         	119.73         	0.242          	0.0106         	0.1229         	0.000          	0.000          	122.936        	118.955        	0.000          	
2007-04-28	RyeBioenergyBM 	5.395          	1.060          	0.000          	3.902          	0.434          	0.0000         	100.67         	100.67         	106.89         	0.092          	0.0064         	0.0000         	0.077          	0.039          	76.683         	14.872         	1.965          	
2007-09-23	Maize          	23.067         	3.037          	11.452         	5.748          	2.831          	0.5717         	433.08         	388.11         	132.27         	0.230          	0.0262         	0.1531         	0.034          	0.000          	187.021        	42.905         	0.589          	
2008-05-10	Triticale      	6.437          	1.209          	0.000          	0.000          	5.228          	0.0000         	136.06         	136.06         	130.13         	0.083          	0.0062         	0.0000         	0.000          	0.112          	0.000          	83.140         	0.000          	
2008-09-25	Soybean        	10.739         	1.312          	3.143          	0.000          	6.284          	0.3334         	341.72         	311.16         	114.70         	0.297          	0.0129         	0.1542         	0.000          	0.000          	154.160        	142.560        	0.000          	
2009-04-28	RyeBioenergyBM 	5.089          	1.119          	0.000          	3.573          	0.397          	0.0000         	92.88          	92.88          	108.89         	0.085          	0.0063         	0.0000         	0.071          	0.039          	70.732         	14.147         	1.980          	
2009-09-24	Maize          	24.643         	3.020          	12.785         	5.921          	2.916          	0.5913         	382.95         	374.80         	161.10         	0.234          	0.0257         	0.1592         	0.033          	0.000          	192.434        	42.045         	0.562          	
2010-05-10	Triticale      	7.658          	1.356          	0.000          	0.000          	6.301          	0.0000         	172.39         	172.39         	124.42         	0.093          	0.0069         	0.0000         	0.000          	0.111          	0.000          	92.958         	0.000          	
2010-09-21	Soybean        	10.987         	1.341          	3.222          	0.000          	6.424          	0.3340         	355.79         	327.08         	87.86          	0.300          	0.0132         	0.1561         	0.000          	0.000          	156.118        	144.046        	0.000          	
2011-04-28	RyeBioenergyBM 	5.096          	1.183          	0.000          	3.522          	0.391          	0.0000         	90.15          	90.15          	113.67         	0.088          	0.0068         	0.0000         	0.073          	0.038          	72.751         	14.917         	2.066          	
2011-09-18	Maize          	22.112         	2.815          	11.275         	5.375          	2.647          	0.5843         	406.41         	360.83         	130.81         	0.233          	0.0255         	0.1574         	0.034          	0.000          	191.004        	41.995         	0.625          	
2012-05-10	Triticale      	9.456          	1.389          	0.000          	0.000          	8.067          	0.0000         	187.20         	187.12         	134.42         	0.107          	0.0073         	0.0000         	0.000          	0.136          	0.000          	106.859        	0.000          	
2012-09-19	Soybean        	9.967          	1.202          	2.973          	0.000          	5.793          	0.3391         	332.26         	288.83         	106.40         	0.271          	0.0119         	0.1429         	0.000          	0.000          	142.939        	128.510        	0.000          	
