DATE      	CROP           	TOTAL BIOMASS  	ROOT BIOMASS   	GRAIN YIELD    	FORAGE YIELD   	AG RESIDUE     	HARVEST INDEX  	POTENTIAL TR   	ACTUAL TR      	SOIL EVAP      	TOTAL N        	ROOT N         	GRAIN N        	FORAGE N       	CUM. N STRESS  	N IN HARVEST   	N IN RESIDUE   	N CONCN FORAGE 
YYYY-MM-DD	-              	Mg/ha          	Mg/ha          	Mg/ha          	Mg/ha          	Mg/ha          	Mg/Mg          	mm             	mm             	mm             	Mg/ha          	Mg/ha          	Mg/ha          	Mg/ha          	-              	kg/ha          	kg/ha          	%              
1984-09-17	Maize          	21.080         	2.710          	9.106          	0.000          	9.264          	0.4957         	338.63         	338.63         	151.34         	0.220          	0.0236         	0.1384         	0.000          	0.000          	138.407        	81.759         	0.000          	
1985-09-13	Soybean        	8.546          	1.179          	2.380          	0.000          	4.988          	0.3230         	253.99         	240.21         	98.78          	0.261          	0.0119         	0.1316         	0.000          	0.000          	131.613        	128.895        	0.000          	
1986-09-17	Maize          	18.943         	2.777          	7.765          	0.000          	8.400          	0.4803         	341.92         	300.03         	117.91         	0.271          	0.0277         	0.1688         	0.000          	0.000          	168.792        	102.568        	0.000          	
1987-09-26	Soybean        	9.969          	1.170          	2.948          	0.000          	5.850          	0.3351         	286.53         	282.26         	135.84         	0.287          	0.0116         	0.1503         	0.000          	0.000          	150.291        	136.817        	0.000          	
1988-10-06	Maize          	17.488         	2.369          	7.578          	0.000          	7.542          	0.5012         	390.85         	307.99         	128.10         	0.267          	0.0235         	0.1720         	0.000          	0.000          	172.043        	94.520         	0.000          	
1989-09-24	Soybean        	9.310          	1.149          	2.741          	0.000          	5.420          	0.3359         	255.40         	242.82         	120.91         	0.274          	0.0114         	0.1433         	0.000          	0.000          	143.266        	130.292        	0.000          	
1990-09-18	Maize          	20.416         	2.677          	8.838          	0.000          	8.902          	0.4982         	321.94         	321.94         	141.28         	0.284          	0.0263         	0.1821         	0.000          	0.000          	182.060        	102.182        	0.000          	
1991-09-21	Soybean        	8.709          	1.075          	2.537          	0.000          	5.097          	0.3323         	278.06         	257.56         	91.14          	0.261          	0.0106         	0.1357         	0.000          	0.000          	135.711        	125.373        	0.000          	
1992-09-25	Maize          	21.399         	2.801          	9.492          	0.000          	9.107          	0.5104         	317.82         	317.82         	121.70         	0.284          	0.0273         	0.1833         	0.000          	0.000          	183.261        	100.587        	0.000          	
1993-09-28	Soybean        	9.346          	1.163          	2.746          	0.000          	5.438          	0.3355         	284.09         	260.73         	104.59         	0.272          	0.0115         	0.1423         	0.000          	0.000          	142.307        	129.842        	0.000          	
1994-10-01	Maize          	22.902         	2.742          	10.525         	0.000          	9.635          	0.5221         	347.32         	347.32         	140.07         	0.288          	0.0262         	0.1889         	0.000          	0.000          	188.901        	98.857         	0.000          	
1995-09-11	Soybean        	6.793          	0.983          	1.851          	0.000          	3.959          	0.3186         	255.71         	199.50         	100.80         	0.223          	0.0099         	0.1115         	0.000          	0.000          	111.503        	111.383        	0.000          	
1996-09-25	Maize          	22.857         	2.847          	10.206         	0.000          	9.804          	0.5101         	350.08         	350.08         	147.70         	0.276          	0.0268         	0.1779         	0.000          	0.000          	177.942        	98.027         	0.000          	
1997-10-02	Soybean        	10.414         	1.257          	3.071          	0.000          	6.086          	0.3354         	299.77         	289.19         	106.91         	0.291          	0.0125         	0.1523         	0.000          	0.000          	152.277        	139.206        	0.000          	
1998-09-25	Maize          	19.495         	2.595          	8.226          	0.000          	8.674          	0.4867         	369.26         	319.51         	108.43         	0.283          	0.0255         	0.1795         	0.000          	0.000          	179.492        	103.389        	0.000          	
1999-09-30	Soybean        	10.018         	1.239          	2.915          	0.000          	5.863          	0.3321         	318.04         	296.09         	122.29         	0.285          	0.0122         	0.1479         	0.000          	0.000          	147.925        	137.455        	0.000          	
2000-09-30	Maize          	19.065         	2.661          	7.956          	0.000          	8.449          	0.4850         	325.10         	282.15         	129.10         	0.278          	0.0264         	0.1749         	0.000          	0.000          	174.943        	102.732        	0.000          	
2001-09-30	Soybean        	8.915          	1.195          	2.537          	0.000          	5.183          	0.3286         	300.29         	250.54         	123.40         	0.262          	0.0118         	0.1344         	0.000          	0.000          	134.442        	127.753        	0.000          	
2002-09-27	Maize          	13.236         	2.265          	4.542          	0.000          	6.429          	0.4140         	389.39         	225.34         	135.03         	0.206          	0.0223         	0.1167         	0.000          	0.000          	116.733        	89.386         	0.000          	
2003-09-27	Soybean        	9.795          	1.176          	2.889          	0.000          	5.731          	0.3351         	250.50         	250.50         	126.03         	0.286          	0.0116         	0.1499         	0.000          	0.000          	149.926        	136.536        	0.000          	
2004-09-26	Maize          	22.831         	2.899          	10.306         	0.000          	9.627          	0.5170         	330.77         	330.77         	149.80         	0.293          	0.0280         	0.1904         	0.000          	0.000          	190.434        	102.518        	0.000          	
2005-09-25	Soybean        	8.598          	1.113          	2.476          	0.000          	5.009          	0.3308         	301.18         	255.34         	92.98          	0.260          	0.0109         	0.1343         	0.000          	0.000          	134.292        	125.434        	0.000          	
2006-09-30	Maize          	19.569         	2.567          	8.357          	0.000          	8.644          	0.4916         	348.38         	309.57         	149.92         	0.283          	0.0254         	0.1806         	0.000          	0.000          	180.634        	102.432        	0.000          	
2007-09-17	Soybean        	10.197         	1.300          	2.955          	0.000          	5.941          	0.3322         	294.60         	291.72         	119.65         	0.291          	0.0130         	0.1506         	0.000          	0.000          	150.570        	140.459        	0.000          	
2008-10-05	Maize          	18.635         	2.568          	7.711          	0.000          	8.357          	0.4799         	368.92         	299.28         	143.30         	0.283          	0.0254         	0.1781         	0.000          	0.000          	178.081        	104.554        	0.000          	
2009-10-02	Soybean        	10.702         	1.316          	3.145          	0.000          	6.240          	0.3351         	271.78         	271.78         	125.58         	0.300          	0.0131         	0.1564         	0.000          	0.000          	156.385        	143.375        	0.000          	
2010-09-26	Maize          	18.523         	2.560          	7.778          	0.000          	8.184          	0.4873         	375.67         	315.06         	117.53         	0.286          	0.0253         	0.1819         	0.000          	0.000          	181.882        	104.003        	0.000          	
2011-09-27	Soybean        	9.568          	1.148          	2.857          	0.000          	5.563          	0.3393         	287.56         	267.57         	123.88         	0.274          	0.0113         	0.1446         	0.000          	0.000          	144.605        	129.189        	0.000          	
2012-09-22	Maize          	20.244         	2.623          	9.135          	0.000          	8.487          	0.5184         	370.34         	330.53         	146.60         	0.284          	0.0259         	0.1861         	0.000          	0.000          	186.058        	98.420         	0.000          	
