DATE      	CROP           	TOTAL BIOMASS  	ROOT BIOMASS   	GRAIN YIELD    	FORAGE YIELD   	AG RESIDUE     	HARVEST INDEX  	POTENTIAL TR   	ACTUAL TR      	SOIL EVAP      	TOTAL N        	ROOT N         	GRAIN N        	FORAGE N       	CUM. N STRESS  	N IN HARVEST   	N IN RESIDUE   	N CONCN FORAGE 
YYYY-MM-DD	-              	Mg/ha          	Mg/ha          	Mg/ha          	Mg/ha          	Mg/ha          	Mg/Mg          	mm             	mm             	mm             	Mg/ha          	Mg/ha          	Mg/ha          	Mg/ha          	-              	kg/ha          	kg/ha          	%              
1984-09-17	Maize          	20.572         	2.689          	10.159         	0.000          	7.724          	0.5681         	338.18         	338.18         	151.60         	0.192          	0.0207         	0.1282         	0.000          	0.024          	128.227        	63.505         	0.000          	
1985-05-20	Triticale      	1.202          	0.235          	0.000          	0.000          	0.967          	0.0000         	63.69          	63.69          	169.78         	0.019          	0.0011         	0.0000         	0.000          	0.434          	0.000          	19.399         	0.000          	
1985-09-13	Soybean        	8.388          	1.176          	2.309          	0.000          	4.904          	0.3201         	253.27         	235.91         	132.77         	0.256          	0.0119         	0.1285         	0.000          	0.000          	128.489        	127.930        	0.000          	
1986-05-07	Triticale      	3.510          	0.766          	0.000          	0.000          	2.744          	0.0000         	107.97         	107.97         	125.57         	0.049          	0.0037         	0.0000         	0.000          	0.161          	0.000          	48.633         	0.000          	
1986-09-17	Maize          	18.950         	2.778          	9.004          	0.000          	7.168          	0.5568         	341.91         	300.13         	110.64         	0.232          	0.0258         	0.1534         	0.000          	0.000          	153.432        	78.763         	0.000          	
1987-05-20	Triticale      	1.695          	0.372          	0.000          	0.000          	1.323          	0.0000         	82.99          	82.99          	161.80         	0.024          	0.0016         	0.0000         	0.000          	0.291          	0.000          	23.764         	0.000          	
1987-09-26	Soybean        	9.970          	1.177          	2.931          	0.000          	5.862          	0.3333         	287.17         	282.18         	137.54         	0.286          	0.0117         	0.1490         	0.000          	0.000          	148.954        	136.950        	0.000          	
1988-05-07	Triticale      	2.725          	0.665          	0.000          	0.000          	2.060          	0.0000         	76.10          	76.10          	130.12         	0.044          	0.0034         	0.0000         	0.000          	0.122          	0.000          	43.670         	0.000          	
1988-09-28	Maize          	16.533         	2.306          	8.133          	0.000          	6.094          	0.5717         	375.17         	295.00         	121.99         	0.228          	0.0196         	0.1569         	0.000          	0.007          	156.910        	71.390         	0.000          	
1989-05-20	Triticale      	2.147          	0.503          	0.000          	0.000          	1.644          	0.0000         	80.72          	80.72          	142.90         	0.030          	0.0023         	0.0000         	0.000          	0.224          	0.000          	30.174         	0.000          	
1989-09-24	Soybean        	9.292          	1.156          	2.716          	0.000          	5.421          	0.3338         	255.76         	242.40         	131.42         	0.275          	0.0115         	0.1435         	0.000          	0.000          	143.491        	131.847        	0.000          	
1990-05-07	Triticale      	3.638          	0.764          	0.000          	0.000          	2.874          	0.0000         	100.55         	100.55         	132.48         	0.054          	0.0040         	0.0000         	0.000          	0.151          	0.000          	54.457         	0.000          	
1990-09-18	Maize          	20.416         	2.677          	10.206         	0.000          	7.534          	0.5753         	321.94         	321.94         	131.41         	0.253          	0.0248         	0.1717         	0.000          	0.000          	171.718        	80.937         	0.000          	
1991-05-20	Triticale      	2.654          	0.494          	0.000          	0.000          	2.160          	0.0000         	103.55         	103.55         	168.71         	0.034          	0.0023         	0.0000         	0.000          	0.375          	0.000          	33.935         	0.000          	
1991-09-21	Soybean        	8.292          	1.049          	2.379          	0.000          	4.864          	0.3284         	278.42         	244.58         	86.27          	0.252          	0.0104         	0.1299         	0.000          	0.000          	129.910        	122.532        	0.000          	
1992-05-07	Triticale      	3.234          	0.686          	0.000          	0.000          	2.548          	0.0000         	77.87          	77.87          	124.64         	0.050          	0.0036         	0.0000         	0.000          	0.128          	0.000          	49.592         	0.000          	
1992-09-25	Maize          	21.399         	2.801          	10.931         	0.000          	7.667          	0.5877         	317.82         	317.82         	118.16         	0.252          	0.0256         	0.1720         	0.000          	0.000          	172.014        	79.809         	0.000          	
1993-05-20	Triticale      	1.175          	0.295          	0.000          	0.000          	0.881          	0.0000         	64.75          	64.75          	129.26         	0.019          	0.0014         	0.0000         	0.000          	0.280          	0.000          	18.807         	0.000          	
1993-09-28	Soybean        	9.307          	1.166          	2.729          	0.000          	5.412          	0.3352         	284.94         	259.51         	114.58         	0.270          	0.0116         	0.1411         	0.000          	0.000          	141.144        	129.099        	0.000          	
1994-05-07	Triticale      	2.338          	0.612          	0.000          	0.000          	1.727          	0.0000         	72.30          	72.30          	116.15         	0.039          	0.0029         	0.0000         	0.000          	0.149          	0.000          	38.515         	0.000          	
1994-09-28	Maize          	22.653         	2.733          	11.912         	0.000          	8.007          	0.5980         	344.43         	344.43         	140.05         	0.266          	0.0249         	0.1847         	0.000          	0.000          	184.656        	81.445         	0.000          	
1995-05-20	Triticale      	1.446          	0.280          	0.000          	0.000          	1.166          	0.0000         	64.19          	64.19          	161.93         	0.022          	0.0013         	0.0000         	0.000          	0.369          	0.000          	22.129         	0.000          	
1995-09-11	Soybean        	6.705          	0.989          	1.800          	0.000          	3.917          	0.3148         	257.82         	196.92         	119.87         	0.219          	0.0099         	0.1084         	0.000          	0.000          	108.374        	110.662        	0.000          	
1996-05-07	Triticale      	2.795          	0.741          	0.000          	0.000          	2.054          	0.0000         	73.25          	73.25          	148.87         	0.048          	0.0038         	0.0000         	0.000          	0.106          	0.000          	47.664         	0.000          	
1996-09-25	Maize          	22.857         	2.847          	11.755         	0.000          	8.255          	0.5874         	350.08         	350.08         	142.75         	0.252          	0.0256         	0.1724         	0.000          	0.000          	172.432        	79.973         	0.000          	
1997-05-20	Triticale      	1.166          	0.257          	0.000          	0.000          	0.909          	0.0000         	58.88          	58.88          	154.72         	0.018          	0.0012         	0.0000         	0.000          	0.331          	0.000          	17.621         	0.000          	
1997-09-28	Soybean        	10.168         	1.250          	2.971          	0.000          	5.946          	0.3332         	294.87         	283.62         	119.26         	0.286          	0.0125         	0.1484         	0.000          	0.000          	148.444        	137.436        	0.000          	
1998-05-07	Triticale      	3.513          	0.729          	0.000          	0.000          	2.783          	0.0000         	92.55          	92.55          	124.83         	0.054          	0.0037         	0.0000         	0.000          	0.165          	0.000          	53.773         	0.000          	
1998-09-25	Maize          	19.539         	2.598          	9.552          	0.000          	7.389          	0.5639         	369.31         	320.25         	106.96         	0.258          	0.0253         	0.1737         	0.000          	0.000          	173.699        	83.979         	0.000          	
1999-05-20	Triticale      	1.878          	0.337          	0.000          	0.000          	1.541          	0.0000         	72.59          	72.59          	161.39         	0.029          	0.0016         	0.0000         	0.000          	0.399          	0.000          	28.980         	0.000          	
1999-09-28	Soybean        	9.707          	1.222          	2.791          	0.000          	5.694          	0.3289         	318.50         	287.25         	114.75         	0.277          	0.0121         	0.1423         	0.000          	0.000          	142.266        	134.598        	0.000          	
2000-05-07	Triticale      	3.972          	0.737          	0.000          	0.000          	3.235          	0.0000         	109.85         	109.85         	131.17         	0.055          	0.0038         	0.0000         	0.000          	0.170          	0.000          	55.239         	0.000          	
2000-09-28	Maize          	19.044         	2.664          	9.183          	0.000          	7.198          	0.5606         	323.86         	282.11         	116.82         	0.242          	0.0242         	0.1622         	0.000          	0.000          	162.186        	79.564         	0.000          	
2001-05-20	Triticale      	1.658          	0.388          	0.000          	0.000          	1.270          	0.0000         	72.35          	72.35          	125.99         	0.026          	0.0018         	0.0000         	0.000          	0.267          	0.000          	25.508         	0.000          	
2001-09-28	Soybean        	8.713          	1.186          	2.456          	0.000          	5.071          	0.3263         	299.79         	246.05         	136.62         	0.257          	0.0118         	0.1308         	0.000          	0.000          	130.767        	125.939        	0.000          	
2002-05-07	Triticale      	4.729          	0.791          	0.000          	0.000          	3.937          	0.0000         	130.51         	130.51         	121.09         	0.062          	0.0042         	0.0000         	0.000          	0.204          	0.000          	61.753         	0.000          	
2002-09-27	Maize          	13.411         	2.287          	5.379          	0.000          	5.744          	0.4836         	389.80         	228.45         	117.78         	0.209          	0.0225         	0.1295         	0.000          	0.000          	129.496        	79.321         	0.000          	
2003-05-20	Triticale      	3.003          	0.736          	0.000          	0.000          	2.267          	0.0000         	93.71          	93.71          	124.17         	0.046          	0.0036         	0.0000         	0.000          	0.171          	0.000          	46.235         	0.000          	
2003-09-28	Soybean        	9.841          	1.183          	2.896          	0.000          	5.762          	0.3345         	251.57         	251.57         	123.91         	0.286          	0.0117         	0.1495         	0.000          	0.000          	149.461        	136.655        	0.000          	
2004-05-07	Triticale      	3.457          	0.725          	0.000          	0.000          	2.732          	0.0000         	90.10          	90.10          	110.41         	0.054          	0.0039         	0.0000         	0.000          	0.137          	0.000          	53.839         	0.000          	
2004-09-26	Maize          	22.831         	2.899          	11.850         	0.000          	8.083          	0.5945         	330.77         	330.77         	142.99         	0.273          	0.0273         	0.1875         	0.000          	0.000          	187.544        	85.280         	0.000          	
2005-05-20	Triticale      	1.744          	0.365          	0.000          	0.000          	1.378          	0.0000         	79.93          	79.93          	123.65         	0.024          	0.0016         	0.0000         	0.000          	0.312          	0.000          	24.054         	0.000          	
2005-09-27	Soybean        	7.258          	1.004          	2.002          	0.000          	4.252          	0.3201         	294.09         	214.97         	100.78         	0.226          	0.0099         	0.1137         	0.000          	0.000          	113.670        	112.490        	0.000          	
2006-05-07	Triticale      	3.660          	0.741          	0.000          	0.000          	2.919          	0.0000         	115.65         	115.65         	142.32         	0.050          	0.0037         	0.0000         	0.000          	0.168          	0.000          	49.777         	0.000          	
2006-09-28	Maize          	19.476         	2.566          	9.597          	0.000          	7.314          	0.5675         	346.12         	308.25         	138.80         	0.253          	0.0249         	0.1706         	0.000          	0.000          	170.641        	81.975         	0.000          	
2007-05-20	Triticale      	2.181          	0.423          	0.000          	0.000          	1.759          	0.0000         	92.08          	92.08          	150.64         	0.031          	0.0020         	0.0000         	0.000          	0.310          	0.000          	30.774         	0.000          	
2007-09-17	Soybean        	9.920          	1.282          	2.842          	0.000          	5.796          	0.3290         	294.94         	282.93         	113.61         	0.283          	0.0129         	0.1452         	0.000          	0.000          	145.196        	137.840        	0.000          	
2008-05-07	Triticale      	3.833          	0.823          	0.000          	0.000          	3.010          	0.0000         	83.88          	83.88          	123.95         	0.062          	0.0045         	0.0000         	0.000          	0.098          	0.000          	62.083         	0.000          	
2008-09-28	Maize          	18.330         	2.563          	8.709          	0.000          	7.057          	0.5524         	363.23         	296.91         	128.15         	0.259          	0.0254         	0.1729         	0.000          	0.000          	172.944        	85.922         	0.000          	
2009-05-20	Triticale      	2.148          	0.466          	0.000          	0.000          	1.682          	0.0000         	81.70          	81.70          	137.84         	0.031          	0.0021         	0.0000         	0.000          	0.250          	0.000          	30.762         	0.000          	
2009-09-28	Soybean        	10.550         	1.318          	3.074          	0.000          	6.158          	0.3330         	269.02         	269.02         	135.22         	0.296          	0.0131         	0.1536         	0.000          	0.000          	153.579        	142.523        	0.000          	
2010-05-07	Triticale      	3.718          	0.793          	0.000          	0.000          	2.926          	0.0000         	111.32         	111.32         	106.41         	0.055          	0.0040         	0.0000         	0.000          	0.165          	0.000          	54.666         	0.000          	
2010-09-26	Maize          	18.552         	2.564          	9.018          	0.000          	6.970          	0.5641         	375.82         	315.59         	114.64         	0.264          	0.0238         	0.1794         	0.000          	0.000          	179.433        	84.402         	0.000          	
2011-05-20	Triticale      	2.088          	0.462          	0.000          	0.000          	1.626          	0.0000         	79.24          	79.24          	129.49         	0.031          	0.0021         	0.0000         	0.000          	0.266          	0.000          	30.632         	0.000          	
2011-09-28	Soybean        	9.621          	1.153          	2.864          	0.000          	5.605          	0.3382         	288.39         	268.00         	126.83         	0.273          	0.0114         	0.1440         	0.000          	0.000          	143.995        	129.450        	0.000          	
2012-05-07	Triticale      	4.978          	0.821          	0.000          	0.000          	4.157          	0.0000         	129.04         	129.04         	122.08         	0.065          	0.0043         	0.0000         	0.000          	0.200          	0.000          	65.163         	0.000          	
2012-09-22	Maize          	20.396         	2.643          	10.570         	0.000          	7.183          	0.5954         	371.16         	333.17         	125.39         	0.256          	0.0245         	0.1773         	0.000          	0.000          	177.259        	79.172         	0.000          	
