DATE      	CROP           	TOTAL BIOMASS  	ROOT BIOMASS   	GRAIN YIELD    	FORAGE YIELD   	AG RESIDUE     	HARVEST INDEX  	POTENTIAL TR   	ACTUAL TR      	SOIL EVAP      	TOTAL N        	ROOT N         	GRAIN N        	FORAGE N       	CUM. N STRESS  	N IN HARVEST   	N IN RESIDUE   	N CONCN FORAGE 
YYYY-MM-DD	-              	Mg/ha          	Mg/ha          	Mg/ha          	Mg/ha          	Mg/ha          	Mg/Mg          	mm             	mm             	mm             	Mg/ha          	Mg/ha          	Mg/ha          	Mg/ha          	-              	kg/ha          	kg/ha          	%              
1984-09-24	Soybean        	10.883         	1.244          	3.248          	0.000          	6.390          	0.3370         	298.23         	298.23         	158.52         	0.307          	0.0123         	0.1613         	0.000          	0.000          	161.313        	145.364        	0.000          	
1985-04-28	RyeBioenergyBM 	6.269          	1.151          	0.000          	4.607          	0.512          	0.0000         	140.93         	140.93         	86.26          	0.084          	0.0063         	0.0000         	0.070          	0.109          	70.293         	14.102         	1.526          	
1985-09-25	Maize          	20.846         	2.735          	10.624         	0.000          	7.486          	0.5866         	387.75         	341.56         	152.84         	0.228          	0.0235         	0.1557         	0.000          	0.000          	155.708        	72.713         	0.000          	
1986-05-11	RyeBioenergyBS 	7.437          	1.216          	0.000          	5.599          	0.622          	0.0000         	158.03         	158.03         	104.45         	0.101          	0.0066         	0.0000         	0.085          	0.072          	85.299         	16.122         	1.524          	
1986-09-26	Soybean        	10.154         	1.216          	3.033          	0.000          	5.905          	0.3393         	308.38         	289.40         	112.78         	0.283          	0.0120         	0.1493         	0.000          	0.000          	149.323        	133.738        	0.000          	
1987-04-28	RyeBioenergyBM 	4.652          	1.015          	0.000          	3.273          	0.364          	0.0000         	87.84          	87.84          	122.82         	0.082          	0.0059         	0.0000         	0.069          	0.045          	68.868         	13.593         	2.104          	
1987-09-26	Maize          	17.544         	2.397          	8.394          	0.000          	6.753          	0.5542         	404.31         	305.17         	119.71         	0.223          	0.0221         	0.1488         	0.000          	0.000          	148.812        	73.931         	0.000          	
1988-05-11	RyeBioenergyBS 	6.791          	1.340          	0.000          	4.906          	0.545          	0.0000         	119.18         	119.18         	117.96         	0.107          	0.0078         	0.0000         	0.089          	0.033          	89.216         	17.747         	1.818          	
1988-09-28	Soybean        	9.076          	1.092          	2.725          	0.000          	5.259          	0.3413         	315.89         	273.12         	124.19         	0.255          	0.0109         	0.1350         	0.000          	0.000          	134.959        	119.768        	0.000          	
1989-04-28	RyeBioenergyBM 	4.219          	0.961          	0.000          	2.932          	0.326          	0.0000         	84.39          	84.39          	122.67         	0.072          	0.0054         	0.0000         	0.060          	0.041          	59.782         	12.083         	2.039          	
1989-09-25	Maize          	19.544         	2.611          	9.562          	0.000          	7.371          	0.5647         	350.21         	308.34         	135.42         	0.234          	0.0236         	0.1570         	0.000          	0.000          	157.006        	76.560         	0.000          	
1990-05-11	RyeBioenergyBS 	7.437          	1.306          	0.000          	5.518          	0.613          	0.0000         	145.18         	145.18         	110.21         	0.105          	0.0074         	0.0000         	0.088          	0.064          	88.275         	17.204         	1.600          	
1990-09-18	Soybean        	9.810          	1.216          	2.846          	0.000          	5.748          	0.3312         	291.15         	277.04         	110.29         	0.281          	0.0121         	0.1455         	0.000          	0.000          	145.488        	135.898        	0.000          	
1991-04-28	RyeBioenergyBM 	6.477          	1.165          	0.000          	4.781          	0.531          	0.0000         	117.71         	117.71         	115.99         	0.097          	0.0068         	0.0000         	0.081          	0.062          	81.001         	15.798         	1.694          	
1991-09-22	Maize          	16.015         	2.157          	8.043          	0.000          	5.816          	0.5804         	409.64         	280.30         	116.87         	0.208          	0.0177         	0.1437         	0.000          	0.001          	143.682        	63.933         	0.000          	
1992-05-11	RyeBioenergyBS 	6.818          	1.213          	0.000          	5.044          	0.560          	0.0000         	103.66         	103.66         	119.28         	0.116          	0.0078         	0.0000         	0.098          	0.017          	97.856         	18.640         	1.940          	
1992-09-28	Soybean        	10.687         	1.312          	3.158          	0.000          	6.218          	0.3368         	287.13         	287.13         	132.13         	0.302          	0.0130         	0.1580         	0.000          	0.000          	158.011        	143.541        	0.000          	
1993-04-28	RyeBioenergyBM 	3.469          	0.894          	0.000          	2.318          	0.258          	0.0000         	63.70          	63.70          	106.97         	0.067          	0.0051         	0.0000         	0.055          	0.041          	55.316         	11.287         	2.386          	
1993-09-24	Maize          	18.940         	2.721          	8.657          	0.000          	7.561          	0.5338         	402.98         	318.66         	116.59         	0.237          	0.0253         	0.1545         	0.000          	0.000          	154.450        	82.522         	0.000          	
1994-05-11	RyeBioenergyBS 	6.511          	1.353          	0.000          	4.642          	0.516          	0.0000         	120.47         	120.47         	102.96         	0.102          	0.0078         	0.0000         	0.084          	0.048          	84.443         	17.182         	1.819          	
1994-09-24	Soybean        	11.044         	1.270          	3.304          	0.000          	6.470          	0.3381         	298.04         	298.04         	122.84         	0.308          	0.0125         	0.1623         	0.000          	0.000          	162.275        	145.668        	0.000          	
1995-04-28	RyeBioenergyBM 	5.969          	1.069          	0.000          	4.410          	0.490          	0.0000         	109.88         	109.88         	113.33         	0.091          	0.0061         	0.0000         	0.077          	0.054          	76.562         	14.626         	1.736          	
1995-09-23	Maize          	15.569         	2.271          	6.935          	0.000          	6.363          	0.5215         	367.74         	262.58         	127.23         	0.234          	0.0222         	0.1525         	0.000          	0.000          	152.500        	81.003         	0.000          	
1996-05-11	RyeBioenergyBS 	5.894          	1.337          	0.000          	4.102          	0.456          	0.0000         	110.79         	110.79         	117.08         	0.098          	0.0080         	0.0000         	0.081          	0.053          	81.145         	16.992         	1.978          	
1996-09-20	Soybean        	10.890         	1.285          	3.222          	0.000          	6.382          	0.3355         	286.10         	286.01         	142.46         	0.303          	0.0127         	0.1587         	0.000          	0.000          	158.654        	144.591        	0.000          	
1997-04-28	RyeBioenergyBM 	5.169          	1.101          	0.000          	3.661          	0.407          	0.0000         	97.24          	97.24          	114.48         	0.079          	0.0060         	0.0000         	0.066          	0.065          	66.183         	13.306         	1.808          	
1997-09-28	Maize          	19.242         	2.510          	9.704          	0.000          	7.029          	0.5799         	397.40         	322.43         	137.02         	0.221          	0.0221         	0.1503         	0.000          	0.000          	150.299        	70.575         	0.000          	
1998-05-11	RyeBioenergyBS 	7.609          	1.301          	1.028          	4.752          	0.528          	0.1630         	140.88         	140.88         	106.34         	0.108          	0.0075         	0.0269         	0.066          	0.086          	93.184         	14.865         	1.395          	
1998-09-22	Soybean        	10.739         	1.241          	3.190          	0.000          	6.309          	0.3358         	310.30         	306.08         	131.88         	0.301          	0.0122         	0.1575         	0.000          	0.000          	157.544        	142.988        	0.000          	
1999-04-28	RyeBioenergyBM 	7.011          	1.274          	0.000          	5.163          	0.574          	0.0000         	126.00         	126.00         	91.21          	0.098          	0.0069         	0.0000         	0.082          	0.062          	81.992         	16.025         	1.588          	
1999-09-26	Maize          	15.675         	2.145          	7.859          	0.000          	5.670          	0.5809         	430.80         	269.85         	133.27         	0.213          	0.0195         	0.1465         	0.000          	0.000          	146.464        	66.591         	0.000          	
2000-05-11	RyeBioenergyBS 	9.018          	1.342          	1.371          	5.674          	0.630          	0.1787         	162.73         	162.73         	119.58         	0.130          	0.0083         	0.0361         	0.077          	0.037          	113.189        	16.917         	1.359          	
2000-09-25	Soybean        	10.526         	1.283          	3.078          	0.000          	6.164          	0.3331         	282.76         	274.32         	152.63         	0.296          	0.0127         	0.1538         	0.000          	0.000          	153.802        	142.208        	0.000          	
2001-04-28	RyeBioenergyBM 	4.085          	0.995          	0.000          	2.781          	0.309          	0.0000         	69.88          	69.88          	106.49         	0.077          	0.0058         	0.0000         	0.064          	0.031          	64.152         	12.955         	2.307          	
2001-09-27	Maize          	19.986         	2.796          	9.273          	0.000          	7.918          	0.5394         	413.23         	335.03         	137.86         	0.243          	0.0262         	0.1588         	0.000          	0.000          	158.846        	84.007         	0.000          	
2002-05-11	RyeBioenergyBS 	8.243          	1.089          	1.639          	4.963          	0.551          	0.2291         	151.06         	151.06         	116.00         	0.119          	0.0065         	0.0435         	0.062          	0.082          	105.858        	13.469         	1.257          	
2002-09-28	Soybean        	6.957          	1.015          	1.930          	0.000          	4.012          	0.3248         	371.43         	217.49         	112.74         	0.190          	0.0100         	0.0956         	0.000          	0.000          	95.642         	94.167         	0.000          	
2003-04-28	RyeBioenergyBM 	2.991          	0.844          	0.000          	1.933          	0.215          	0.0000         	65.35          	65.35          	123.75         	0.057          	0.0047         	0.0000         	0.047          	0.051          	47.198         	9.914          	2.442          	
2003-09-27	Maize          	21.658         	2.685          	11.169         	0.000          	7.804          	0.5887         	354.29         	345.69         	159.39         	0.239          	0.0239         	0.1633         	0.000          	0.000          	163.344        	75.223         	0.000          	
2004-05-11	RyeBioenergyBS 	7.073          	1.255          	0.000          	5.236          	0.582          	0.0000         	134.79         	134.79         	99.27          	0.098          	0.0069         	0.0000         	0.082          	0.075          	82.482         	16.016         	1.575          	
2004-09-20	Soybean        	10.806         	1.301          	3.190          	0.000          	6.315          	0.3356         	284.63         	284.63         	148.78         	0.303          	0.0128         	0.1586         	0.000          	0.000          	158.552        	144.561        	0.000          	
2005-04-28	RyeBioenergyBM 	5.443          	1.134          	0.000          	3.878          	0.431          	0.0000         	100.59         	100.59         	107.76         	0.089          	0.0065         	0.0000         	0.074          	0.046          	74.224         	14.726         	1.914          	
2005-09-23	Maize          	18.176         	2.545          	8.693          	0.000          	6.938          	0.5561         	367.95         	315.43         	121.42         	0.229          	0.0222         	0.1536         	0.000          	0.006          	153.632        	75.312         	0.000          	
2006-05-11	RyeBioenergyBS 	7.997          	1.272          	1.127          	5.039          	0.560          	0.1675         	166.89         	166.89         	114.62         	0.105          	0.0070         	0.0270         	0.064          	0.089          	90.746         	14.086         	1.266          	
2006-09-24	Soybean        	8.060          	1.070          	2.265          	0.000          	4.724          	0.3241         	295.88         	231.15         	141.42         	0.240          	0.0106         	0.1219         	0.000          	0.000          	121.888        	118.238        	0.000          	
2007-04-28	RyeBioenergyBM 	5.265          	1.043          	0.000          	3.800          	0.422          	0.0000         	100.49         	100.49         	108.37         	0.088          	0.0062         	0.0000         	0.074          	0.045          	73.551         	14.338         	1.935          	
2007-09-23	Maize          	23.027         	3.033          	11.433         	0.000          	8.561          	0.5718         	433.09         	387.47         	134.08         	0.235          	0.0258         	0.1574         	0.000          	0.000          	157.407        	77.779         	0.000          	
2008-05-11	RyeBioenergyBS 	6.996          	1.278          	0.000          	5.146          	0.572          	0.0000         	137.42         	137.42         	107.38         	0.094          	0.0069         	0.0000         	0.079          	0.096          	78.662         	15.676         	1.529          	
2008-09-25	Soybean        	10.601         	1.304          	3.094          	0.000          	6.203          	0.3328         	341.52         	307.29         	134.53         	0.294          	0.0129         	0.1525         	0.000          	0.000          	152.487        	141.502        	0.000          	
2009-04-28	RyeBioenergyBM 	4.905          	1.088          	0.000          	3.435          	0.382          	0.0000         	92.24          	92.24          	110.87         	0.081          	0.0060         	0.0000         	0.067          	0.046          	67.079         	13.437         	1.953          	
2009-09-24	Maize          	24.719         	3.027          	12.820         	0.000          	8.872          	0.5910         	382.99         	375.66         	163.61         	0.250          	0.0259         	0.1705         	0.000          	0.000          	170.519        	79.142         	0.000          	
2010-05-11	RyeBioenergyBS 	8.035          	1.397          	0.000          	5.975          	0.664          	0.0000         	173.44         	173.44         	94.23          	0.100          	0.0073         	0.0000         	0.084          	0.101          	83.713         	16.639         	1.401          	
2010-09-21	Soybean        	10.766         	1.313          	3.160          	0.000          	6.293          	0.3343         	353.53         	319.63         	94.60          	0.294          	0.0130         	0.1530         	0.000          	0.000          	152.952        	140.947        	0.000          	
2011-04-28	RyeBioenergyBM 	4.900          	1.148          	0.000          	3.376          	0.375          	0.0000         	89.20          	89.20          	116.26         	0.083          	0.0065         	0.0000         	0.069          	0.046          	68.978         	14.187         	2.043          	
2011-09-18	Maize          	22.344         	2.839          	11.365         	0.000          	8.139          	0.5827         	406.49         	365.19         	132.86         	0.241          	0.0253         	0.1636         	0.000          	0.000          	163.590        	77.645         	0.000          	
2012-05-11	RyeBioenergyBS 	10.106         	1.439          	1.976          	6.023          	0.669          	0.2279         	187.84         	187.84         	109.64         	0.118          	0.0079         	0.0423         	0.061          	0.115          	103.448        	14.718         	1.015          	
2012-09-19	Soybean        	9.718          	1.169          	2.902          	0.000          	5.647          	0.3394         	328.41         	281.04         	138.04         	0.265          	0.0115         	0.1394         	0.000          	0.000          	139.413        	125.119        	0.000          	
