DATE      	CROP           	TOTAL BIOMASS  	ROOT BIOMASS   	GRAIN YIELD    	FORAGE YIELD   	AG RESIDUE     	HARVEST INDEX  	POTENTIAL TR   	ACTUAL TR      	SOIL EVAP      	TOTAL N        	ROOT N         	GRAIN N        	FORAGE N       	CUM. N STRESS  	N IN HARVEST   	N IN RESIDUE   	N CONCN FORAGE 
YYYY-MM-DD	-              	Mg/ha          	Mg/ha          	Mg/ha          	Mg/ha          	Mg/ha          	Mg/Mg          	mm             	mm             	mm             	Mg/ha          	Mg/ha          	Mg/ha          	Mg/ha          	-              	kg/ha          	kg/ha          	%              
1984-09-17	Maize          	21.077         	2.710          	10.519         	5.258          	2.590          	0.5727         	338.63         	338.63         	151.34         	0.216          	0.0233         	0.1447         	0.032          	0.000          	176.631        	39.020         	0.607          	
1985-05-20	Triticale      	7.470          	1.190          	0.000          	0.000          	6.280          	0.0000         	182.63         	182.63         	118.73         	0.089          	0.0061         	0.0000         	0.000          	0.144          	0.000          	89.223         	0.000          	
1985-09-13	Soybean        	8.515          	1.183          	2.355          	0.000          	4.977          	0.3212         	253.33         	239.43         	101.30         	0.259          	0.0120         	0.1302         	0.000          	0.000          	130.235        	128.877        	0.000          	
1986-05-08	RyeBioenergyBM 	5.451          	1.078          	0.000          	3.936          	0.437          	0.0000         	120.24         	120.24         	121.27         	0.083          	0.0060         	0.0000         	0.069          	0.083          	69.011         	13.680         	1.754          	
1986-09-17	Maize          	18.594         	2.760          	8.749          	4.747          	2.338          	0.5525         	341.52         	294.84         	126.53         	0.224          	0.0256         	0.1467         	0.034          	0.000          	181.078        	42.491         	0.724          	
1987-05-20	Triticale      	6.442          	1.181          	0.000          	0.000          	5.261          	0.0000         	142.64         	142.64         	165.87         	0.090          	0.0064         	0.0000         	0.000          	0.084          	0.000          	89.520         	0.000          	
1987-09-26	Soybean        	9.997          	1.179          	2.940          	0.000          	5.878          	0.3335         	287.17         	283.02         	126.74         	0.287          	0.0117         	0.1494         	0.000          	0.000          	149.357        	137.230        	0.000          	
1988-05-08	RyeBioenergyBM 	4.561          	1.002          	0.000          	3.203          	0.356          	0.0000         	87.03          	87.03          	125.41         	0.078          	0.0058         	0.0000         	0.065          	0.048          	65.352         	13.094         	2.041          	
1988-09-28	Maize          	16.756         	2.333          	8.240          	4.143          	2.041          	0.5713         	381.06         	297.39         	128.04         	0.223          	0.0202         	0.1526         	0.034          	0.000          	186.397        	36.811         	0.816          	
1989-05-20	Triticale      	5.775          	1.126          	0.000          	0.000          	4.649          	0.0000         	111.98         	111.98         	156.08         	0.091          	0.0064         	0.0000         	0.000          	0.054          	0.000          	90.989         	0.000          	
1989-09-24	Soybean        	9.304          	1.156          	2.720          	0.000          	5.428          	0.3339         	255.77         	242.70         	116.16         	0.276          	0.0115         	0.1438         	0.000          	0.000          	143.788        	132.062        	0.000          	
1990-05-08	RyeBioenergyBM 	5.558          	1.050          	0.000          	4.057          	0.451          	0.0000         	110.35         	110.35         	127.46         	0.089          	0.0062         	0.0000         	0.074          	0.068          	74.429         	14.478         	1.834          	
1990-09-18	Maize          	20.416         	2.677          	10.206         	5.048          	2.486          	0.5753         	321.94         	321.94         	153.56         	0.236          	0.0241         	0.1595         	0.035          	0.000          	194.380        	41.329         	0.692          	
1991-05-20	Triticale      	7.921          	1.218          	0.000          	0.000          	6.703          	0.0000         	168.01         	168.01         	147.03         	0.097          	0.0067         	0.0000         	0.000          	0.130          	0.000          	97.334         	0.000          	
1991-09-21	Soybean        	8.145          	1.038          	2.327          	0.000          	4.780          	0.3274         	278.36         	240.09         	79.60          	0.249          	0.0103         	0.1277         	0.000          	0.000          	127.733        	121.121        	0.000          	
1992-05-08	RyeBioenergyBM 	4.879          	0.929          	0.000          	3.554          	0.395          	0.0000         	83.26          	83.26          	122.50         	0.084          	0.0055         	0.0000         	0.071          	0.048          	70.783         	13.361         	1.991          	
1992-09-25	Maize          	21.399         	2.801          	10.931         	5.137          	2.530          	0.5877         	317.82         	317.82         	125.97         	0.241          	0.0252         	0.1640         	0.035          	0.000          	198.605        	42.207         	0.674          	
1993-05-20	Triticale      	4.958          	1.055          	0.000          	0.000          	3.903          	0.0000         	121.34         	121.34         	140.97         	0.076          	0.0056         	0.0000         	0.000          	0.098          	0.000          	75.764         	0.000          	
1993-09-28	Soybean        	9.033          	1.137          	2.654          	0.000          	5.242          	0.3361         	284.28         	251.28         	105.09         	0.263          	0.0113         	0.1377         	0.000          	0.000          	137.750        	125.441        	0.000          	
1994-05-08	RyeBioenergyBM 	3.933          	0.963          	0.000          	2.673          	0.297          	0.0000         	89.91          	89.91          	110.08         	0.065          	0.0051         	0.0000         	0.054          	0.091          	53.545         	11.032         	2.003          	
1994-09-28	Maize          	22.653         	2.733          	11.912         	5.365          	2.642          	0.5980         	344.43         	344.43         	143.90         	0.251          	0.0243         	0.1735         	0.036          	0.000          	209.056        	41.836         	0.663          	
1995-05-20	Triticale      	6.829          	1.076          	0.000          	0.000          	5.753          	0.0000         	135.82         	135.82         	141.97         	0.093          	0.0058         	0.0000         	0.000          	0.099          	0.000          	92.508         	0.000          	
1995-09-11	Soybean        	6.812          	0.994          	1.839          	0.000          	3.978          	0.3162         	258.12         	200.34         	97.50          	0.223          	0.0100         	0.1106         	0.000          	0.000          	110.632        	112.048        	0.000          	
1996-05-08	RyeBioenergyBM 	4.073          	1.003          	0.000          	2.764          	0.307          	0.0000         	83.88          	83.88          	141.00         	0.075          	0.0059         	0.0000         	0.062          	0.054          	62.440         	12.828         	2.259          	
1996-09-25	Maize          	22.857         	2.847          	11.755         	5.531          	2.724          	0.5874         	350.08         	350.08         	152.69         	0.237          	0.0250         	0.1612         	0.034          	0.000          	195.318        	41.748         	0.616          	
1997-05-20	Triticale      	6.448          	1.156          	0.000          	0.000          	5.292          	0.0000         	138.96         	138.96         	148.08         	0.083          	0.0059         	0.0000         	0.000          	0.098          	0.000          	83.052         	0.000          	
1997-09-28	Soybean        	10.219         	1.258          	2.984          	0.000          	5.977          	0.3331         	295.41         	285.25         	104.02         	0.287          	0.0126         	0.1492         	0.000          	0.000          	149.198        	138.238        	0.000          	
1998-05-08	RyeBioenergyBM 	5.165          	0.989          	0.000          	3.759          	0.418          	0.0000         	103.44         	103.44         	119.73         	0.084          	0.0057         	0.0000         	0.071          	0.090          	70.822         	13.531         	1.884          	
1998-09-25	Maize          	19.364         	2.587          	9.430          	4.923          	2.425          	0.5620         	369.04         	317.31         	114.12         	0.237          	0.0242         	0.1590         	0.036          	0.000          	195.201        	42.065         	0.735          	
1999-05-20	Triticale      	8.101          	1.223          	0.000          	0.000          	6.878          	0.0000         	175.42         	175.42         	119.67         	0.095          	0.0062         	0.0000         	0.000          	0.145          	0.000          	95.156         	0.000          	
1999-09-28	Soybean        	9.204          	1.165          	2.644          	0.000          	5.395          	0.3289         	316.53         	270.68         	100.83         	0.263          	0.0116         	0.1353         	0.000          	0.000          	135.338        	128.109        	0.000          	
2000-05-08	RyeBioenergyBM 	5.921          	0.997          	0.838          	3.678          	0.409          	0.1702         	119.23         	119.23         	128.33         	0.088          	0.0057         	0.0232         	0.054          	0.082          	76.841         	11.653         	1.457          	
2000-09-28	Maize          	18.837         	2.648          	9.064          	4.773          	2.351          	0.5599         	323.64         	278.77         	139.65         	0.224          	0.0234         	0.1492         	0.034          	0.000          	183.371        	40.196         	0.716          	
2001-05-20	Triticale      	5.905          	1.098          	0.000          	0.000          	4.807          	0.0000         	128.46         	128.46         	143.59         	0.090          	0.0062         	0.0000         	0.000          	0.064          	0.000          	89.694         	0.000          	
2001-09-28	Soybean        	8.215          	1.145          	2.289          	0.000          	4.781          	0.3237         	298.63         	231.22         	120.96         	0.245          	0.0114         	0.1239         	0.000          	0.000          	123.897        	121.050        	0.000          	
2002-05-08	RyeBioenergyBM 	6.812          	1.031          	1.371          	3.969          	0.441          	0.2371         	138.79         	138.79         	115.74         	0.095          	0.0061         	0.0354         	0.048          	0.104          	83.398         	11.481         	1.209          	
2002-09-27	Maize          	13.140         	2.253          	5.276          	3.760          	1.852          	0.4846         	389.15         	223.67         	142.04         	0.204          	0.0222         	0.1268         	0.037          	0.000          	163.893        	40.475         	0.987          	
2003-05-20	Triticale      	5.824          	1.288          	0.000          	0.000          	4.536          	0.0000         	120.80         	120.80         	137.37         	0.094          	0.0075         	0.0000         	0.000          	0.056          	0.000          	93.911         	0.000          	
2003-09-28	Soybean        	9.841          	1.183          	2.896          	0.000          	5.762          	0.3345         	251.57         	251.57         	112.70         	0.286          	0.0117         	0.1494         	0.000          	0.000          	149.362        	136.573        	0.000          	
2004-05-08	RyeBioenergyBM 	4.902          	0.949          	0.000          	3.558          	0.395          	0.0000         	97.03          	97.03          	108.55         	0.082          	0.0056         	0.0000         	0.069          	0.070          	69.155         	13.315         	1.944          	
2004-09-26	Maize          	22.831         	2.899          	11.850         	5.415          	2.667          	0.5945         	330.77         	330.77         	162.75         	0.250          	0.0262         	0.1712         	0.035          	0.000          	206.594        	43.620         	0.654          	
2005-05-20	Triticale      	6.528          	1.143          	0.000          	0.000          	5.385          	0.0000         	142.78         	142.67         	129.02         	0.087          	0.0060         	0.0000         	0.000          	0.099          	0.000          	86.818         	0.000          	
2005-09-27	Soybean        	6.287          	0.878          	1.725          	0.000          	3.684          	0.3189         	274.52         	185.98         	95.21          	0.199          	0.0086         	0.0996         	0.000          	0.000          	99.600         	99.129         	0.000          	
2006-05-08	RyeBioenergyBM 	5.404          	0.998          	0.000          	3.965          	0.441          	0.0000         	126.96         	126.96         	139.87         	0.078          	0.0056         	0.0000         	0.065          	0.093          	65.276         	12.816         	1.646          	
2006-09-28	Maize          	19.338         	2.557          	9.500          	4.879          	2.403          	0.5661         	346.06         	305.97         	156.06         	0.235          	0.0240         	0.1580         	0.036          	0.000          	193.549        	41.521         	0.729          	
2007-05-20	Triticale      	6.738          	1.085          	0.000          	0.000          	5.653          	0.0000         	147.88         	147.88         	146.63         	0.094          	0.0061         	0.0000         	0.000          	0.086          	0.000          	94.041         	0.000          	
2007-09-17	Soybean        	9.778          	1.268          	2.795          	0.000          	5.716          	0.3284         	294.58         	278.29         	105.36         	0.279          	0.0127         	0.1429         	0.000          	0.000          	142.929        	136.125        	0.000          	
2008-05-08	RyeBioenergyBM 	4.857          	0.968          	0.000          	3.500          	0.389          	0.0000         	86.52          	86.52          	124.17         	0.088          	0.0060         	0.0000         	0.074          	0.053          	73.541         	14.190         	2.101          	
2008-09-28	Maize          	17.906         	2.535          	8.408          	4.665          	2.298          	0.5470         	362.96         	290.95         	144.64         	0.237          	0.0247         	0.1568         	0.037          	0.000          	194.109        	43.098         	0.801          	
2009-05-20	Triticale      	6.457          	1.202          	0.000          	0.000          	5.255          	0.0000         	125.79         	125.79         	144.39         	0.094          	0.0066         	0.0000         	0.000          	0.067          	0.000          	94.293         	0.000          	
2009-09-28	Soybean        	10.550         	1.318          	3.074          	0.000          	6.158          	0.3330         	269.02         	269.02         	112.96         	0.296          	0.0131         	0.1535         	0.000          	0.000          	153.532        	142.483        	0.000          	
2010-05-08	RyeBioenergyBM 	5.782          	1.147          	0.000          	4.171          	0.463          	0.0000         	128.74         	128.74         	97.85          	0.086          	0.0063         	0.0000         	0.072          	0.091          	71.784         	14.312         	1.721          	
2010-09-26	Maize          	17.787         	2.496          	8.542          	4.522          	2.227          	0.5586         	373.09         	302.51         	130.46         	0.241          	0.0227         	0.1626         	0.037          	0.000          	199.961        	41.090         	0.827          	
2011-05-20	Triticale      	6.099          	1.146          	0.000          	0.000          	4.953          	0.0000         	119.87         	119.87         	138.16         	0.090          	0.0064         	0.0000         	0.000          	0.082          	0.000          	90.401         	0.000          	
2011-09-28	Soybean        	9.694          	1.164          	2.881          	0.000          	5.649          	0.3378         	288.86         	270.46         	119.72         	0.275          	0.0115         	0.1449         	0.000          	0.000          	144.861        	130.522        	0.000          	
2012-05-08	RyeBioenergyBM 	6.779          	1.029          	1.262          	4.040          	0.449          	0.2194         	136.46         	136.46         	119.71         	0.095          	0.0059         	0.0330         	0.051          	0.113          	83.688         	11.532         	1.256          	
2012-09-22	Maize          	20.160         	2.611          	10.461         	4.749          	2.339          	0.5961         	369.83         	329.04         	158.57         	0.231          	0.0233         	0.1588         	0.033          	0.000          	191.512        	39.453         	0.689          	
