DATE      	CROP           	TOTAL BIOMASS  	ROOT BIOMASS   	GRAIN YIELD    	FORAGE YIELD   	AG RESIDUE     	HARVEST INDEX  	POTENTIAL TR   	ACTUAL TR      	SOIL EVAP      	TOTAL N        	ROOT N         	GRAIN N        	FORAGE N       	CUM. N STRESS  	N IN HARVEST   	N IN RESIDUE   	N CONCN FORAGE 
YYYY-MM-DD	-              	Mg/ha          	Mg/ha          	Mg/ha          	Mg/ha          	Mg/ha          	Mg/Mg          	mm             	mm             	mm             	Mg/ha          	Mg/ha          	Mg/ha          	Mg/ha          	-              	kg/ha          	kg/ha          	%              
1984-09-17	Soybean        	8.924          	1.113          	2.591          	0.000          	5.220          	0.3317         	245.88         	245.88         	155.15         	0.267          	0.0112         	0.1385         	0.000          	0.000          	138.528        	128.757        	0.000          	
1985-05-08	RyeBioenergyBM 	6.208          	1.100          	0.879          	3.807          	0.423          	0.1720         	137.52         	137.52         	105.36         	0.087          	0.0060         	0.0229         	0.052          	0.104          	74.835         	11.759         	1.364          	
1985-09-13	Maize          	16.134         	2.581          	6.680          	4.605          	2.268          	0.4929         	330.87         	262.63         	145.59         	0.209          	0.0237         	0.1298         	0.037          	0.000          	166.692        	41.922         	0.802          	
1986-05-20	Triticale      	6.750          	1.190          	0.000          	0.000          	5.560          	0.0000         	161.32         	161.32         	137.93         	0.088          	0.0063         	0.0000         	0.000          	0.124          	0.000          	87.927         	0.000          	
1986-09-17	Soybean        	9.249          	1.204          	2.678          	0.000          	5.367          	0.3329         	262.02         	249.94         	104.00         	0.274          	0.0121         	0.1422         	0.000          	0.000          	142.195        	131.973        	0.000          	
1987-05-08	RyeBioenergyBM 	5.002          	1.045          	0.000          	3.562          	0.396          	0.0000         	96.04          	96.04          	138.70         	0.084          	0.0060         	0.0000         	0.070          	0.049          	69.841         	13.805         	1.961          	
1987-09-26	Maize          	20.559         	2.565          	10.284         	5.165          	2.544          	0.5715         	366.98         	335.92         	139.82         	0.238          	0.0233         	0.1612         	0.036          	0.000          	196.841        	40.879         	0.691          	
1988-05-20	Triticale      	6.032          	1.162          	0.000          	0.000          	4.870          	0.0000         	126.33         	126.33         	157.55         	0.089          	0.0064         	0.0000         	0.000          	0.076          	0.000          	89.349         	0.000          	
1988-09-28	Soybean        	9.157          	1.185          	2.655          	0.000          	5.316          	0.3331         	312.56         	282.24         	90.49          	0.268          	0.0119         	0.1393         	0.000          	0.000          	139.292        	129.196        	0.000          	
1989-05-08	RyeBioenergyBM 	4.256          	0.952          	0.000          	2.974          	0.330          	0.0000         	85.87          	85.87          	132.37         	0.074          	0.0055         	0.0000         	0.062          	0.051          	61.758         	12.345         	2.077          	
1989-09-24	Maize          	19.812         	2.613          	9.851          	4.923          	2.425          	0.5727         	332.66         	302.24         	140.37         	0.240          	0.0242         	0.1623         	0.036          	0.000          	198.099        	41.836         	0.727          	
1990-05-20	Triticale      	6.974          	1.163          	0.000          	0.000          	5.811          	0.0000         	146.20         	146.20         	154.32         	0.095          	0.0064         	0.0000         	0.000          	0.100          	0.000          	94.736         	0.000          	
1990-09-18	Soybean        	9.425          	1.170          	2.752          	0.000          	5.503          	0.3334         	254.66         	254.66         	112.22         	0.279          	0.0117         	0.1451         	0.000          	0.000          	145.140        	133.708        	0.000          	
1991-05-08	RyeBioenergyBM 	6.781          	1.153          	1.027          	4.141          	0.460          	0.1825         	125.94         	125.94         	119.86         	0.098          	0.0068         	0.0275         	0.057          	0.080          	84.447         	13.083         	1.375          	
1991-09-21	Maize          	16.526         	2.298          	7.890          	4.247          	2.092          	0.5545         	378.14         	281.94         	82.65          	0.218          	0.0214         	0.1462         	0.034          	0.000          	180.239        	38.128         	0.802          	
1992-05-20	Triticale      	6.271          	1.049          	0.000          	0.000          	5.222          	0.0000         	114.20         	114.20         	143.46         	0.095          	0.0060         	0.0000         	0.000          	0.069          	0.000          	94.996         	0.000          	
1992-09-25	Soybean        	9.974          	1.220          	2.970          	0.000          	5.784          	0.3392         	249.18         	249.18         	104.81         	0.288          	0.0122         	0.1521         	0.000          	0.000          	152.092        	136.268        	0.000          	
1993-05-08	RyeBioenergyBM 	3.580          	0.892          	0.000          	2.419          	0.269          	0.0000         	81.24          	81.24          	110.94         	0.066          	0.0049         	0.0000         	0.055          	0.069          	54.667         	11.019         	2.260          	
1993-09-28	Maize          	17.529         	2.394          	8.765          	4.268          	2.102          	0.5791         	355.81         	283.10         	119.82         	0.234          	0.0221         	0.1602         	0.035          	0.000          	194.825        	39.129         	0.812          	
1994-05-20	Triticale      	5.560          	1.182          	0.000          	0.000          	4.378          	0.0000         	124.54         	124.54         	136.07         	0.078          	0.0060         	0.0000         	0.000          	0.105          	0.000          	77.667         	0.000          	
1994-09-28	Soybean        	10.572         	1.204          	3.177          	0.000          	6.190          	0.3392         	273.11         	273.11         	128.79         	0.298          	0.0119         	0.1577         	0.000          	0.000          	157.744        	140.574        	0.000          	
1995-05-08	RyeBioenergyBM 	5.488          	0.964          	0.000          	4.071          	0.452          	0.0000         	103.57         	103.57         	115.90         	0.084          	0.0055         	0.0000         	0.071          	0.072          	70.783         	13.389         	1.739          	
1995-09-11	Maize          	14.626         	2.300          	6.204          	4.101          	2.020          	0.5033         	337.11         	244.46         	128.22         	0.232          	0.0231         	0.1483         	0.041          	0.000          	188.981        	43.136         	0.992          	
1996-05-20	Triticale      	5.380          	1.152          	0.000          	0.000          	4.228          	0.0000         	113.33         	113.33         	157.30         	0.084          	0.0065         	0.0000         	0.000          	0.075          	0.000          	84.383         	0.000          	
1996-09-24	Soybean        	10.538         	1.264          	3.109          	0.000          	6.165          	0.3352         	275.10         	275.10         	133.21         	0.297          	0.0125         	0.1552         	0.000          	0.000          	155.246        	141.765        	0.000          	
1997-05-08	RyeBioenergyBM 	5.116          	1.030          	0.000          	3.677          	0.409          	0.0000         	104.99         	104.99         	123.20         	0.078          	0.0057         	0.0000         	0.065          	0.068          	65.181         	12.896         	1.773          	
1997-09-28	Maize          	19.960         	2.566          	10.203         	4.818          	2.373          	0.5866         	365.21         	322.19         	145.69         	0.231          	0.0223         	0.1589         	0.034          	0.000          	192.516        	38.830         	0.698          	
1998-05-20	Triticale      	6.437          	1.082          	0.000          	0.000          	5.355          	0.0000         	143.42         	143.42         	146.50         	0.088          	0.0058         	0.0000         	0.000          	0.127          	0.000          	87.781         	0.000          	
1998-09-27	Soybean        	9.783          	1.182          	2.872          	0.000          	5.729          	0.3339         	292.45         	277.43         	105.97         	0.282          	0.0116         	0.1470         	0.000          	0.000          	147.047        	134.939        	0.000          	
1999-05-08	RyeBioenergyBM 	6.512          	1.110          	0.897          	4.054          	0.450          	0.1660         	133.65         	133.65         	102.42         	0.087          	0.0058         	0.0221         	0.053          	0.109          	74.940         	11.695         	1.304          	
1999-09-28	Maize          	18.854         	2.547          	9.182          	4.773          	2.351          	0.5631         	407.06         	321.02         	112.16         	0.233          	0.0242         	0.1560         	0.035          	0.000          	191.406        	41.678         	0.742          	
2000-05-20	Triticale      	7.475          	1.110          	0.000          	0.000          	6.365          	0.0000         	162.59         	162.59         	153.62         	0.098          	0.0061         	0.0000         	0.000          	0.105          	0.000          	98.345         	0.000          	
2000-09-28	Soybean        	9.771          	1.213          	2.854          	0.000          	5.704          	0.3335         	254.31         	246.09         	107.05         	0.282          	0.0120         	0.1469         	0.000          	0.000          	146.855        	135.425        	0.000          	
2001-05-08	RyeBioenergyBM 	4.284          	0.932          	0.000          	3.017          	0.335          	0.0000         	89.22          	89.22          	120.96         	0.076          	0.0055         	0.0000         	0.063          	0.042          	63.439         	12.557         	2.103          	
2001-09-28	Maize          	16.364         	2.480          	7.452          	4.309          	2.123          	0.5367         	371.33         	265.37         	143.53         	0.230          	0.0239         	0.1508         	0.037          	0.000          	187.940        	42.191         	0.861          	
2002-05-20	Triticale      	8.282          	1.129          	0.000          	0.000          	7.152          	0.0000         	167.29         	167.29         	132.19         	0.105          	0.0066         	0.0000         	0.000          	0.115          	0.000          	104.576        	0.000          	
2002-09-26	Soybean        	7.170          	1.099          	1.888          	0.000          	4.183          	0.3110         	321.67         	210.88         	93.74          	0.214          	0.0108         	0.1043         	0.000          	0.000          	104.337        	109.844        	0.000          	
2003-05-08	RyeBioenergyBM 	4.141          	1.064          	0.000          	2.770          	0.308          	0.0000         	89.47          	89.47          	120.31         	0.075          	0.0061         	0.0000         	0.062          	0.052          	61.628         	12.979         	2.225          	
2003-09-28	Maize          	21.449         	2.707          	10.911         	5.247          	2.584          	0.5822         	323.83         	323.83         	144.85         	0.238          	0.0245         	0.1614         	0.035          	0.000          	195.988        	41.574         	0.660          	
2004-05-20	Triticale      	6.215          	1.053          	0.000          	0.000          	5.163          	0.0000         	136.19         	136.19         	140.31         	0.088          	0.0058         	0.0000         	0.000          	0.112          	0.000          	87.764         	0.000          	
2004-09-28	Soybean        	10.490         	1.249          	3.131          	0.000          	6.111          	0.3388         	257.12         	257.12         	124.77         	0.296          	0.0123         	0.1561         	0.000          	0.000          	156.095        	139.917        	0.000          	
2005-05-08	RyeBioenergyBM 	5.113          	1.016          	0.000          	3.687          	0.410          	0.0000         	100.82         	100.82         	106.35         	0.080          	0.0057         	0.0000         	0.067          	0.069          	67.267         	13.126         	1.824          	
2005-09-28	Maize          	12.928         	1.989          	5.623          	3.561          	1.754          	0.5141         	348.77         	221.19         	118.30         	0.202          	0.0196         	0.1311         	0.035          	0.000          	165.782        	36.693         	0.974          	
2006-05-20	Triticale      	7.666          	1.211          	0.000          	0.000          	6.455          	0.0000         	156.49         	156.49         	156.66         	0.110          	0.0072         	0.0000         	0.000          	0.065          	0.000          	110.103        	0.000          	
2006-09-28	Soybean        	10.006         	1.205          	2.948          	0.000          	5.854          	0.3349         	283.39         	272.12         	118.61         	0.286          	0.0119         	0.1494         	0.000          	0.000          	149.351        	136.463        	0.000          	
2007-05-08	RyeBioenergyBM 	5.291          	0.972          	0.000          	3.887          	0.432          	0.0000         	105.86         	105.86         	114.77         	0.087          	0.0058         	0.0000         	0.073          	0.058          	72.898         	13.926         	1.875          	
2007-09-17	Maize          	20.135         	2.754          	9.868          	5.034          	2.480          	0.5677         	379.53         	330.83         	113.78         	0.233          	0.0251         	0.1556         	0.035          	0.000          	190.373        	42.213         	0.692          	
2008-05-20	Triticale      	5.685          	1.021          	0.000          	0.000          	4.665          	0.0000         	112.12         	112.12         	141.78         	0.084          	0.0058         	0.0000         	0.000          	0.096          	0.000          	84.332         	0.000          	
2008-09-28	Soybean        	9.314          	1.156          	2.723          	0.000          	5.436          	0.3337         	291.16         	262.01         	128.30         	0.274          	0.0115         	0.1426         	0.000          	0.000          	142.621        	131.167        	0.000          	
2009-05-08	RyeBioenergyBM 	4.570          	1.003          	0.000          	3.210          	0.357          	0.0000         	86.83          	86.83          	118.23         	0.080          	0.0058         	0.0000         	0.067          	0.058          	66.547         	13.202         	2.073          	
2009-09-28	Maize          	22.808         	2.996          	11.392         	5.642          	2.779          	0.5750         	337.75         	337.75         	145.93         	0.256          	0.0276         	0.1719         	0.038          	0.000          	209.576        	46.159         	0.668          	
2010-05-20	Triticale      	7.124          	1.274          	0.000          	0.000          	5.850          	0.0000         	161.26         	161.26         	120.24         	0.089          	0.0065         	0.0000         	0.000          	0.117          	0.000          	88.997         	0.000          	
2010-09-28	Soybean        	9.997          	1.236          	2.933          	0.000          	5.828          	0.3348         	309.73         	295.08         	94.63          	0.288          	0.0122         	0.1505         	0.000          	0.000          	150.546        	137.886        	0.000          	
2011-05-08	RyeBioenergyBM 	4.545          	0.984          	0.000          	3.205          	0.356          	0.0000         	86.28          	86.28          	108.35         	0.077          	0.0057         	0.0000         	0.064          	0.059          	64.434         	12.832         	2.010          	
2011-09-24	Maize          	19.734         	2.501          	10.476         	4.527          	2.230          	0.6079         	370.17         	317.57         	145.60         	0.247          	0.0238         	0.1718         	0.034          	0.000          	206.034        	40.716         	0.756          	
2012-05-20	Triticale      	8.280          	1.130          	0.000          	0.000          	7.150          	0.0000         	166.99         	166.99         	153.14         	0.105          	0.0063         	0.0000         	0.000          	0.129          	0.000          	104.834        	0.000          	
2012-09-26	Soybean        	10.560         	1.276          	3.129          	0.000          	6.154          	0.3371         	297.36         	297.36         	105.68         	0.298          	0.0126         	0.1564         	0.000          	0.000          	156.440        	141.658        	0.000          	
