DATE      	CROP           	TOTAL BIOMASS  	ROOT BIOMASS   	GRAIN YIELD    	FORAGE YIELD   	AG RESIDUE     	HARVEST INDEX  	POTENTIAL TR   	ACTUAL TR      	SOIL EVAP      	TOTAL N        	ROOT N         	GRAIN N        	FORAGE N       	CUM. N STRESS  	N IN HARVEST   	N IN RESIDUE   	N CONCN FORAGE 
YYYY-MM-DD	-              	Mg/ha          	Mg/ha          	Mg/ha          	Mg/ha          	Mg/ha          	Mg/Mg          	mm             	mm             	mm             	Mg/ha          	Mg/ha          	Mg/ha          	Mg/ha          	-              	kg/ha          	kg/ha          	%              
1984-09-05	Soybean        	10.544         	1.231          	3.245          	0.000          	6.069          	0.3484         	322.79         	303.88         	159.86         	0.296          	0.0121         	0.1595         	0.000          	0.000          	159.507        	136.260        	0.000          	
1985-04-01	RyeBioenergyBM 	3.341          	0.818          	0.000          	2.271          	0.252          	0.0000         	77.42          	77.42          	87.51          	0.051          	0.0040         	0.0000         	0.042          	0.105          	42.489         	8.761          	1.871          	
1985-09-01	Maize          	19.216         	2.687          	9.711          	4.568          	2.250          	0.5875         	435.27         	321.39         	128.54         	0.189          	0.0223         	0.1265         	0.027          	0.000          	153.165        	35.443         	0.585          	
1986-04-15	Triticale      	0.909          	0.219          	0.000          	0.000          	0.690          	0.0000         	37.95          	37.95          	161.43         	0.017          	0.0011         	0.0000         	0.000          	0.235          	0.000          	16.947         	0.000          	
1986-09-02	Soybean        	7.979          	0.968          	2.415          	0.000          	4.596          	0.3444         	311.28         	243.92         	138.08         	0.232          	0.0095         	0.1238         	0.000          	0.000          	123.785        	107.841        	0.000          	
1987-04-01	RyeBioenergyBM 	1.792          	0.564          	0.000          	1.105          	0.123          	0.0000         	37.66          	37.66          	108.07         	0.036          	0.0031         	0.0000         	0.030          	0.040          	29.575         	6.386          	2.676          	
1987-09-02	Maize          	12.226         	2.097          	5.459          	3.129          	1.541          	0.5390         	392.86         	215.41         	173.96         	0.189          	0.0204         	0.1236         	0.030          	0.000          	153.755        	35.305         	0.965          	
1988-04-15	Triticale      	1.606          	0.447          	0.000          	0.000          	1.159          	0.0000         	54.77          	54.77          	160.23         	0.025          	0.0021         	0.0000         	0.000          	0.169          	0.000          	24.861         	0.000          	
1988-09-10	Soybean        	7.429          	0.914          	2.263          	0.000          	4.252          	0.3473         	346.73         	229.20         	171.58         	0.191          	0.0090         	0.1022         	0.000          	0.000          	102.171        	88.971         	0.000          	
1989-04-01	RyeBioenergyBM 	1.931          	0.592          	0.000          	1.205          	0.134          	0.0000         	46.80          	46.80          	122.78         	0.036          	0.0032         	0.0000         	0.030          	0.061          	29.779         	6.519          	2.470          	
1989-09-03	Maize          	20.704         	2.643          	11.156         	4.626          	2.279          	0.6177         	356.93         	340.18         	177.12         	0.188          	0.0202         	0.1298         	0.025          	0.044          	154.949        	32.608         	0.544          	
1990-04-15	Triticale      	0.673          	0.154          	0.000          	0.000          	0.520          	0.0000         	29.80          	29.80          	192.22         	0.013          	0.0008         	0.0000         	0.000          	0.296          	0.000          	13.013         	0.000          	
1990-09-04	Soybean        	10.282         	1.262          	3.092          	0.000          	5.928          	0.3428         	338.24         	298.77         	168.74         	0.280          	0.0124         	0.1485         	0.000          	0.000          	148.463        	131.274        	0.000          	
1991-04-01	RyeBioenergyBM 	3.477          	0.836          	0.000          	2.378          	0.264          	0.0000         	71.01          	71.01          	116.17         	0.058          	0.0046         	0.0000         	0.048          	0.069          	47.666         	9.920          	2.005          	
1991-09-01	Maize          	15.392         	2.075          	8.226          	3.412          	1.680          	0.6176         	399.08         	275.05         	157.43         	0.190          	0.0176         	0.1340         	0.026          	0.000          	159.942        	30.395         	0.762          	
1992-04-15	Triticale      	0.899          	0.219          	0.000          	0.000          	0.679          	0.0000         	32.14          	32.14          	185.09         	0.016          	0.0011         	0.0000         	0.000          	0.231          	0.000          	16.225         	0.000          	
1992-09-11	Soybean        	10.245         	1.262          	3.095          	0.000          	5.887          	0.3446         	326.33         	294.30         	164.23         	0.285          	0.0124         	0.1521         	0.000          	0.000          	152.051        	133.054        	0.000          	
1993-04-01	RyeBioenergyBM 	1.895          	0.576          	0.000          	1.187          	0.132          	0.0000         	29.20          	29.20          	107.32         	0.044          	0.0036         	0.0000         	0.036          	0.017          	36.270         	7.619          	3.056          	
1993-09-07	Maize          	13.940         	2.161          	7.009          	3.196          	1.574          	0.5950         	460.86         	249.79         	182.15         	0.188          	0.0213         	0.1272         	0.026          	0.000          	153.523        	34.209         	0.823          	
1994-04-15	Triticale      	1.056          	0.348          	0.000          	0.000          	0.708          	0.0000         	35.71          	35.71          	150.63         	0.018          	0.0017         	0.0000         	0.000          	0.122          	0.000          	18.391         	0.000          	
1994-09-04	Soybean        	9.477          	1.115          	2.897          	0.000          	5.465          	0.3465         	304.19         	269.07         	157.40         	0.269          	0.0110         	0.1448         	0.000          	0.000          	144.753        	124.737        	0.000          	
1995-04-01	RyeBioenergyBM 	3.496          	0.792          	0.000          	2.433          	0.270          	0.0000         	68.49          	68.49          	105.73         	0.058          	0.0042         	0.0000         	0.048          	0.051          	48.299         	9.522          	1.985          	
1995-09-04	Maize          	15.500         	2.309          	7.944          	3.516          	1.732          	0.6022         	382.07         	260.00         	160.76         	0.192          	0.0206         	0.1313         	0.027          	0.000          	157.952        	33.677         	0.757          	
1996-04-15	Triticale      	0.673          	0.229          	0.000          	0.000          	0.445          	0.0000         	23.32          	23.32          	161.00         	0.013          	0.0012         	0.0000         	0.000          	0.126          	0.000          	12.754         	0.000          	
1996-09-05	Soybean        	11.783         	1.362          	3.620          	0.000          	6.801          	0.3474         	328.69         	328.43         	157.05         	0.319          	0.0134         	0.1712         	0.000          	0.000          	171.189        	147.319        	0.000          	
1997-04-01	RyeBioenergyBM 	2.591          	0.747          	0.000          	1.660          	0.184          	0.0000         	47.91          	47.91          	112.34         	0.047          	0.0039         	0.0000         	0.039          	0.042          	38.993         	8.258          	2.348          	
1997-09-17	Maize          	14.084         	2.097          	7.128          	3.256          	1.603          	0.5946         	422.90         	235.70         	192.47         	0.191          	0.0198         	0.1308         	0.027          	0.000          	157.883        	33.153         	0.832          	
1998-04-15	Triticale      	1.075          	0.301          	0.000          	0.000          	0.775          	0.0000         	40.51          	40.51          	163.97         	0.019          	0.0015         	0.0000         	0.000          	0.208          	0.000          	18.568         	0.000          	
1998-09-05	Soybean        	8.604          	1.182          	2.518          	0.000          	4.904          	0.3393         	335.78         	254.42         	159.89         	0.256          	0.0116         	0.1348         	0.000          	0.000          	134.762        	121.478        	0.000          	
1999-04-01	RyeBioenergyBM 	3.020          	0.758          	0.000          	2.036          	0.226          	0.0000         	65.43          	65.43          	95.32          	0.048          	0.0038         	0.0000         	0.040          	0.076          	40.020         	8.223          	1.966          	
1999-09-07	Maize          	13.057         	2.015          	6.419          	3.098          	1.526          	0.5813         	420.55         	246.80         	184.78         	0.192          	0.0189         	0.1309         	0.028          	0.000          	159.016        	32.784         	0.909          	
2000-04-15	Triticale      	1.747          	0.412          	0.000          	0.000          	1.335          	0.0000         	66.02          	66.02          	180.34         	0.025          	0.0019         	0.0000         	0.000          	0.222          	0.000          	24.920         	0.000          	
2000-09-06	Soybean        	10.676         	1.252          	3.274          	0.000          	6.150          	0.3474         	312.02         	304.45         	160.65         	0.298          	0.0123         	0.1601         	0.000          	0.000          	160.096        	137.547        	0.000          	
2001-04-01	RyeBioenergyBM 	1.669          	0.561          	0.000          	0.997          	0.111          	0.0000         	23.22          	23.22          	99.55          	0.045          	0.0040         	0.0000         	0.037          	0.003          	36.967         	8.077          	3.706          	
2001-09-03	Maize          	21.806         	2.887          	11.584         	4.915          	2.421          	0.6123         	398.81         	351.18         	132.97         	0.205          	0.0230         	0.1403         	0.028          	0.000          	167.882        	36.645         	0.562          	
2002-04-15	Triticale      	0.938          	0.185          	0.000          	0.000          	0.753          	0.0000         	39.77          	39.77          	170.71         	0.017          	0.0009         	0.0000         	0.000          	0.347          	0.000          	16.505         	0.000          	
2002-09-08	Soybean        	7.428          	1.063          	2.103          	0.000          	4.262          	0.3304         	349.70         	224.12         	178.56         	0.211          	0.0105         	0.1082         	0.000          	0.000          	108.223        	102.924        	0.000          	
2003-04-01	RyeBioenergyBM 	1.235          	0.444          	0.000          	0.712          	0.079          	0.0000         	22.22          	22.22          	107.53         	0.030          	0.0029         	0.0000         	0.024          	0.018          	24.227         	5.565          	3.401          	
2003-09-06	Maize          	21.247         	2.646          	11.549         	4.725          	2.327          	0.6209         	345.89         	328.03         	168.57         	0.194          	0.0208         	0.1348         	0.026          	0.019          	160.670        	33.595         	0.548          	
2004-04-15	Triticale      	0.493          	0.135          	0.000          	0.000          	0.358          	0.0000         	17.74          	17.74          	152.54         	0.011          	0.0008         	0.0000         	0.000          	0.225          	0.000          	11.403         	0.000          	
2004-08-28	Soybean        	11.527         	1.315          	3.556          	0.000          	6.656          	0.3482         	299.74         	299.74         	175.78         	0.314          	0.0129         	0.1694         	0.000          	0.000          	169.428        	144.918        	0.000          	
2005-04-01	RyeBioenergyBM 	2.711          	0.745          	0.000          	1.769          	0.197          	0.0000         	41.77          	41.77          	103.76         	0.058          	0.0045         	0.0000         	0.048          	0.019          	48.312         	9.915          	2.731          	
2005-09-08	Maize          	21.874         	2.799          	11.831         	4.854          	2.391          	0.6202         	399.20         	354.92         	155.73         	0.199          	0.0224         	0.1370         	0.026          	0.025          	163.412        	35.354         	0.544          	
2006-04-15	Triticale      	0.395          	0.090          	0.000          	0.000          	0.305          	0.0000         	24.06          	24.06          	171.45         	0.008          	0.0004         	0.0000         	0.000          	0.366          	0.000          	8.291          	0.000          	
2006-09-05	Soybean        	10.493         	1.355          	3.133          	0.000          	6.006          	0.3428         	352.57         	307.35         	130.79         	0.294          	0.0133         	0.1560         	0.000          	0.000          	156.018        	138.246        	0.000          	
2007-04-01	RyeBioenergyBM 	2.921          	0.751          	0.000          	1.952          	0.217          	0.0000         	58.73          	58.73          	98.61          	0.053          	0.0042         	0.0000         	0.044          	0.049          	43.798         	9.054          	2.243          	
2007-09-05	Maize          	17.401         	2.525          	8.819          	4.058          	1.999          	0.5928         	460.22         	308.99         	156.07         	0.197          	0.0224         	0.1335         	0.028          	0.000          	161.292        	36.068         	0.685          	
2008-04-15	Triticale      	0.447          	0.097          	0.000          	0.000          	0.350          	0.0000         	20.03          	20.01          	185.49         	0.009          	0.0005         	0.0000         	0.000          	0.310          	0.000          	9.479          	0.000          	
2008-09-05	Soybean        	8.827          	1.220          	2.579          	0.000          	5.027          	0.3391         	372.54         	261.99         	156.86         	0.252          	0.0120         	0.1323         	0.000          	0.000          	132.333        	120.030        	0.000          	
2009-04-01	RyeBioenergyBM 	2.780          	0.777          	0.000          	1.803          	0.200          	0.0000         	49.96          	49.96          	108.99         	0.051          	0.0041         	0.0000         	0.042          	0.042          	42.008         	8.816          	2.330          	
2009-08-29	Maize          	21.118         	2.888          	10.982         	4.856          	2.392          	0.6024         	383.09         	303.14         	164.04         	0.195          	0.0230         	0.1322         	0.027          	0.000          	158.959        	36.155         	0.551          	
2010-04-15	Triticale      	0.961          	0.263          	0.000          	0.000          	0.698          	0.0000         	38.69          	38.69          	169.06         	0.017          	0.0013         	0.0000         	0.000          	0.234          	0.000          	17.221         	0.000          	
2010-09-02	Soybean        	9.087          	1.140          	2.719          	0.000          	5.228          	0.3421         	397.72         	274.06         	155.43         	0.239          	0.0112         	0.1261         	0.000          	0.000          	126.130        	112.549        	0.000          	
2011-04-01	RyeBioenergyBM 	2.856          	0.827          	0.000          	1.826          	0.203          	0.0000         	54.01          	54.01          	126.12         	0.051          	0.0044         	0.0000         	0.041          	0.043          	41.479         	9.057          	2.271          	
2011-08-22	Maize          	15.379         	2.381          	7.583          	3.629          	1.787          	0.5834         	408.02         	241.22         	188.36         	0.178          	0.0207         	0.1191         	0.025          	0.000          	144.562        	33.250         	0.702          	
2012-04-15	Triticale      	1.971          	0.389          	0.000          	0.000          	1.582          	0.0000         	75.99          	75.95          	193.36         	0.027          	0.0017         	0.0000         	0.000          	0.326          	0.000          	26.948         	0.000          	
2012-08-29	Soybean        	9.580          	1.249          	2.846          	0.000          	5.485          	0.3416         	379.67         	277.10         	174.29         	0.263          	0.0123         	0.1391         	0.000          	0.000          	139.070        	124.309        	0.000          	
