DATE      	CROP           	TOTAL BIOMASS  	ROOT BIOMASS   	GRAIN YIELD    	FORAGE YIELD   	AG RESIDUE     	HARVEST INDEX  	POTENTIAL TR   	ACTUAL TR      	SOIL EVAP      	TOTAL N        	ROOT N         	GRAIN N        	FORAGE N       	CUM. N STRESS  	N IN HARVEST   	N IN RESIDUE   	N CONCN FORAGE 
YYYY-MM-DD	-              	Mg/ha          	Mg/ha          	Mg/ha          	Mg/ha          	Mg/ha          	Mg/Mg          	mm             	mm             	mm             	Mg/ha          	Mg/ha          	Mg/ha          	Mg/ha          	-              	kg/ha          	kg/ha          	%              
1984-09-27	Maize          	22.390         	2.698          	11.629         	0.000          	8.063          	0.5905         	364.20         	358.74         	170.42         	0.246          	0.0243         	0.1689         	0.000          	0.000          	168.879        	77.095         	0.000          	
1985-05-11	RyeBioenergyBS 	7.559          	1.238          	1.309          	4.510          	0.501          	0.2072         	186.63         	186.63         	82.00          	0.085          	0.0063         	0.0272         	0.046          	0.159          	73.231         	11.372         	1.020          	
1985-09-26	Soybean        	10.313         	1.263          	3.028          	0.000          	6.022          	0.3346         	319.90         	294.54         	148.39         	0.289          	0.0125         	0.1505         	0.000          	0.000          	150.545        	138.237        	0.000          	
1986-04-28	RyeBioenergyBM 	5.451          	1.048          	0.000          	3.963          	0.440          	0.0000         	109.16         	109.16         	100.96         	0.088          	0.0060         	0.0000         	0.074          	0.057          	74.060         	14.232         	1.869          	
1986-09-24	Maize          	21.609         	2.752          	11.239         	0.000          	7.618          	0.5960         	387.38         	362.77         	110.42         	0.247          	0.0239         	0.1704         	0.000          	0.000          	170.433        	76.355         	0.000          	
1987-05-11	RyeBioenergyBS 	6.536          	1.209          	0.000          	4.795          	0.533          	0.0000         	127.76         	127.76         	108.29         	0.095          	0.0067         	0.0000         	0.080          	0.059          	79.738         	15.526         	1.663          	
1987-09-27	Soybean        	8.647          	1.080          	2.470          	0.000          	5.097          	0.3264         	308.27         	260.62         	122.02         	0.256          	0.0107         	0.1312         	0.000          	0.000          	131.161        	125.091        	0.000          	
1988-04-28	RyeBioenergyBM 	4.795          	1.096          	0.000          	3.329          	0.370          	0.0000         	87.00          	87.00          	123.87         	0.084          	0.0065         	0.0000         	0.070          	0.035          	69.716         	14.213         	2.094          	
1988-09-28	Maize          	17.699         	2.194          	9.473          	0.000          	6.032          	0.6110         	390.00         	307.41         	155.86         	0.235          	0.0192         	0.1668         	0.000          	0.000          	166.824        	68.391         	0.000          	
1989-05-11	RyeBioenergyBS 	5.983          	1.182          	0.000          	4.320          	0.480          	0.0000         	112.06         	112.06         	114.88         	0.102          	0.0071         	0.0000         	0.085          	0.032          	85.158         	16.569         	1.971          	
1989-09-25	Soybean        	9.542          	1.193          	2.753          	0.000          	5.596          	0.3297         	283.22         	257.24         	131.75         	0.280          	0.0118         	0.1444         	0.000          	0.000          	144.360        	135.513        	0.000          	
1990-04-28	RyeBioenergyBM 	5.869          	1.172          	0.000          	4.227          	0.470          	0.0000         	108.85         	108.85         	115.10         	0.095          	0.0069         	0.0000         	0.079          	0.039          	78.872         	15.674         	1.866          	
1990-09-18	Maize          	19.129         	2.484          	9.631          	0.000          	7.014          	0.5786         	355.09         	313.11         	139.73         	0.241          	0.0228         	0.1651         	0.000          	0.000          	165.127        	76.228         	0.000          	
1991-05-11	RyeBioenergyBS 	8.048          	1.276          	1.264          	4.957          	0.551          	0.1867         	154.41         	154.41         	109.97         	0.104          	0.0071         	0.0300         	0.060          	0.094          	89.766         	13.752         	1.207          	
1991-09-22	Soybean        	8.067          	1.032          	2.342          	0.000          	4.694          	0.3329         	332.15         	244.20         	98.06          	0.227          	0.0102         	0.1176         	0.000          	0.000          	117.617        	109.389        	0.000          	
1992-04-28	RyeBioenergyBM 	4.583          	0.987          	0.000          	3.237          	0.360          	0.0000         	73.43          	73.43          	118.63         	0.084          	0.0059         	0.0000         	0.071          	0.034          	70.674         	13.712         	2.184          	
1992-09-28	Maize          	22.549         	2.927          	11.553         	0.000          	8.069          	0.5888         	356.79         	355.32         	140.04         	0.241          	0.0262         	0.1638         	0.000          	0.000          	163.837        	77.633         	0.000          	
1993-05-11	RyeBioenergyBS 	5.152          	1.121          	0.000          	3.628          	0.403          	0.0000         	105.02         	105.02         	94.65          	0.080          	0.0060         	0.0000         	0.067          	0.070          	66.955         	13.486         	1.846          	
1993-09-25	Soybean        	9.843          	1.291          	2.762          	0.000          	5.790          	0.3230         	323.37         	284.95         	112.17         	0.281          	0.0128         	0.1422         	0.000          	0.000          	142.164        	139.104        	0.000          	
1994-04-28	RyeBioenergyBM 	4.447          	1.096          	0.000          	3.015          	0.335          	0.0000         	84.97          	84.97          	106.72         	0.080          	0.0063         	0.0000         	0.066          	0.037          	66.071         	13.649         	2.191          	
1994-09-26	Maize          	23.519         	2.830          	12.314         	0.000          	8.375          	0.5952         	371.45         	371.45         	139.00         	0.265          	0.0262         	0.1826         	0.000          	0.000          	182.584        	82.497         	0.000          	
1995-05-11	RyeBioenergyBS 	7.187          	1.160          	0.000          	5.425          	0.603          	0.0000         	142.97         	142.97         	100.53         	0.094          	0.0062         	0.0000         	0.079          	0.089          	79.316         	15.033         	1.462          	
1995-09-23	Soybean        	7.412          	0.991          	2.078          	0.000          	4.343          	0.3236         	282.19         	215.50         	127.19         	0.234          	0.0098         	0.1187         	0.000          	0.000          	118.717        	114.946        	0.000          	
1996-04-28	RyeBioenergyBM 	4.198          	1.101          	0.000          	2.787          	0.310          	0.0000         	79.00          	79.00          	123.35         	0.075          	0.0063         	0.0000         	0.062          	0.042          	62.138         	13.177         	2.229          	
1996-09-22	Maize          	23.113         	2.863          	11.796         	0.000          	8.454          	0.5825         	360.17         	353.55         	152.02         	0.251          	0.0258         	0.1703         	0.000          	0.000          	170.291        	80.250         	0.000          	
1997-05-11	RyeBioenergyBS 	6.524          	1.230          	0.000          	4.764          	0.529          	0.0000         	133.44         	133.44         	97.85          	0.083          	0.0061         	0.0000         	0.069          	0.103          	69.398         	13.861         	1.457          	
1997-09-28	Soybean        	9.948          	1.220          	2.914          	0.000          	5.815          	0.3338         	321.15         	290.17         	125.20         	0.277          	0.0121         	0.1442         	0.000          	0.000          	144.242        	133.120        	0.000          	
1998-04-28	RyeBioenergyBM 	6.295          	1.188          	0.000          	4.596          	0.511          	0.0000         	114.64         	114.64         	109.13         	0.096          	0.0068         	0.0000         	0.080          	0.064          	80.191         	15.673         	1.745          	
1998-09-21	Maize          	22.897         	2.781          	11.814         	0.000          	8.302          	0.5873         	388.83         	375.65         	127.28         	0.245          	0.0247         	0.1678         	0.000          	0.000          	167.821        	77.606         	0.000          	
1999-05-11	RyeBioenergyBS 	8.496          	1.383          	1.226          	5.298          	0.589          	0.1724         	164.76         	164.76         	84.23          	0.102          	0.0070         	0.0269         	0.061          	0.104          	87.769         	13.808         	1.149          	
1999-09-27	Soybean        	7.844          	0.986          	2.291          	0.000          	4.567          	0.3340         	348.65         	234.97         	125.92         	0.209          	0.0097         	0.1082         	0.000          	0.000          	108.168        	100.389        	0.000          	
2000-04-28	RyeBioenergyBM 	6.048          	1.102          	0.000          	4.451          	0.495          	0.0000         	116.45         	116.45         	116.16         	0.092          	0.0062         	0.0000         	0.077          	0.066          	77.052         	14.788         	1.731          	
2000-09-24	Maize          	22.034         	2.834          	10.950         	0.000          	8.250          	0.5703         	360.92         	335.24         	144.08         	0.225          	0.0244         	0.1509         	0.000          	0.000          	150.887        	74.468         	0.000          	
2001-05-11	RyeBioenergyBS 	5.948          	1.223          	0.000          	4.252          	0.472          	0.0000         	118.45         	118.45         	96.22          	0.090          	0.0067         	0.0000         	0.075          	0.049          	75.377         	15.029         	1.773          	
2001-09-27	Soybean        	10.130         	1.314          	2.856          	0.000          	5.960          	0.3240         	338.76         	296.27         	137.80         	0.284          	0.0130         	0.1440         	0.000          	0.000          	144.000        	140.274        	0.000          	
2002-04-28	RyeBioenergyBM 	6.462          	0.991          	0.840          	4.168          	0.463          	0.1534         	121.83         	121.83         	111.23         	0.104          	0.0059         	0.0244         	0.066          	0.079          	90.413         	13.220         	1.583          	
2002-09-28	Maize          	13.583         	2.146          	6.307          	0.000          	5.130          	0.5515         	441.03         	243.48         	138.45         	0.199          	0.0211         	0.1316         	0.000          	0.000          	131.616        	67.319         	0.000          	
2003-05-11	RyeBioenergyBS 	5.414          	1.262          	0.000          	3.737          	0.415          	0.0000         	107.45         	107.45         	114.52         	0.096          	0.0077         	0.0000         	0.079          	0.045          	79.481         	16.568         	2.127          	
2003-09-26	Soybean        	10.439         	1.240          	3.080          	0.000          	6.119          	0.3348         	286.92         	284.48         	144.68         	0.296          	0.0122         	0.1549         	0.000          	0.000          	154.864        	141.467        	0.000          	
2004-04-28	RyeBioenergyBM 	5.428          	1.117          	0.000          	3.880          	0.431          	0.0000         	94.11          	94.11          	101.91         	0.093          	0.0066         	0.0000         	0.078          	0.039          	77.644         	15.178         	2.001          	
2004-09-17	Maize          	23.250         	2.951          	11.890         	0.000          	8.409          	0.5858         	359.75         	359.75         	142.37         	0.261          	0.0274         	0.1771         	0.000          	0.000          	177.144        	83.560         	0.000          	
2005-05-11	RyeBioenergyBS 	6.771          	1.255          	0.000          	4.964          	0.552          	0.0000         	134.09         	134.09         	92.95          	0.092          	0.0066         	0.0000         	0.077          	0.077          	76.572         	15.070         	1.542          	
2005-09-23	Soybean        	9.525          	1.221          	2.737          	0.000          	5.567          	0.3296         	318.73         	282.39         	103.67         	0.279          	0.0120         	0.1439         	0.000          	0.000          	143.892        	135.448        	0.000          	
2006-04-28	RyeBioenergyBM 	6.186          	1.129          	0.000          	4.551          	0.506          	0.0000         	120.27         	120.27         	113.39         	0.094          	0.0064         	0.0000         	0.078          	0.064          	78.455         	15.152         	1.724          	
2006-09-25	Maize          	17.396         	2.486          	7.911          	0.000          	6.999          	0.5306         	384.62         	289.25         	141.03         	0.236          	0.0243         	0.1540         	0.000          	0.000          	153.987        	81.952         	0.000          	
2007-05-11	RyeBioenergyBS 	7.312          	1.215          	0.000          	5.487          	0.610          	0.0000         	145.46         	145.46         	98.20          	0.101          	0.0068         	0.0000         	0.085          	0.068          	84.954         	16.243         	1.548          	
2007-09-25	Soybean        	11.445         	1.404          	3.335          	0.000          	6.705          	0.3322         	355.70         	333.10         	127.61         	0.309          	0.0139         	0.1599         	0.000          	0.000          	159.890        	149.152        	0.000          	
2008-04-28	RyeBioenergyBM 	5.721          	1.176          	0.000          	4.091          	0.455          	0.0000         	105.01         	105.01         	110.68         	0.090          	0.0067         	0.0000         	0.075          	0.059          	75.022         	15.068         	1.834          	
2008-09-26	Maize          	20.057         	2.730          	9.756          	0.000          	7.571          	0.5630         	410.52         	334.15         	154.44         	0.236          	0.0256         	0.1572         	0.000          	0.000          	157.195        	78.868         	0.000          	
2009-05-11	RyeBioenergyBS 	6.587          	1.277          	0.000          	4.779          	0.531          	0.0000         	124.94         	124.94         	103.15         	0.096          	0.0069         	0.0000         	0.080          	0.066          	80.278         	15.839         	1.680          	
2009-09-24	Soybean        	11.962         	1.406          	3.535          	0.000          	7.021          	0.3349         	314.52         	313.92         	144.98         	0.323          	0.0138         	0.1684         	0.000          	0.000          	168.386        	154.321        	0.000          	
2010-04-28	RyeBioenergyBM 	6.684          	1.303          	0.000          	4.842          	0.538          	0.0000         	129.28         	129.28         	96.70          	0.101          	0.0075         	0.0000         	0.085          	0.055          	84.562         	16.879         	1.746          	
2010-09-22	Maize          	20.650         	2.714          	10.310         	0.000          	7.625          	0.5749         	422.82         	353.47         	111.07         	0.243          	0.0250         	0.1644         	0.000          	0.000          	164.380        	78.728         	0.000          	
2011-05-11	RyeBioenergyBS 	6.673          	1.333          	0.000          	4.806          	0.534          	0.0000         	129.50         	129.50         	105.19         	0.093          	0.0071         	0.0000         	0.077          	0.075          	77.122         	15.635         	1.605          	
2011-09-19	Soybean        	10.864         	1.306          	3.195          	0.000          	6.364          	0.3342         	334.60         	307.28         	129.03         	0.295          	0.0129         	0.1538         	0.000          	0.000          	153.798        	141.639        	0.000          	
2012-04-28	RyeBioenergyBM 	8.943          	1.376          	1.380          	5.569          	0.619          	0.1823         	158.16         	158.16         	112.91         	0.117          	0.0078         	0.0329         	0.068          	0.073          	101.196        	15.401         	1.226          	
2012-09-18	Maize          	18.723         	2.429          	9.840          	0.000          	6.453          	0.6039         	406.99         	307.64         	161.24         	0.222          	0.0220         	0.1538         	0.000          	0.000          	153.821        	68.299         	0.000          	
