DATE      	CROP           	TOTAL BIOMASS  	ROOT BIOMASS   	GRAIN YIELD    	FORAGE YIELD   	AG RESIDUE     	HARVEST INDEX  	POTENTIAL TR   	ACTUAL TR      	SOIL EVAP      	TOTAL N        	ROOT N         	GRAIN N        	FORAGE N       	CUM. N STRESS  	N IN HARVEST   	N IN RESIDUE   	N CONCN FORAGE 
YYYY-MM-DD	-              	Mg/ha          	Mg/ha          	Mg/ha          	Mg/ha          	Mg/ha          	Mg/Mg          	mm             	mm             	mm             	Mg/ha          	Mg/ha          	Mg/ha          	Mg/ha          	-              	kg/ha          	kg/ha          	%              
1984-09-05	Maize          	20.224         	2.527          	11.181         	0.000          	6.517          	0.6318         	382.50         	339.87         	184.45         	0.210          	0.0212         	0.1475         	0.000          	0.000          	147.488        	62.233         	0.000          	
1985-04-16	RyeBioenergyBS 	6.182          	1.237          	0.000          	4.451          	0.495          	0.0000         	118.10         	118.10         	76.53          	0.086          	0.0063         	0.0000         	0.071          	0.089          	71.400         	14.192         	1.604          	
1985-09-06	Soybean        	9.590          	1.233          	2.827          	0.000          	5.530          	0.3383         	364.62         	283.54         	154.09         	0.266          	0.0121         	0.1398         	0.000          	0.000          	139.760        	126.680        	0.000          	
1986-04-01	RyeBioenergyBM 	3.672          	0.830          	0.000          	2.558          	0.284          	0.0000         	58.87          	58.87          	102.61         	0.086          	0.0056         	0.0000         	0.072          	0.004          	72.061         	13.583         	2.817          	
1986-09-02	Maize          	14.897         	1.926          	8.070          	0.000          	4.901          	0.6222         	370.34         	260.29         	163.66         	0.203          	0.0172         	0.1446         	0.000          	0.000          	144.617        	58.584         	0.000          	
1987-04-16	RyeBioenergyBS 	3.892          	1.015          	0.000          	2.589          	0.288          	0.0000         	65.00          	65.00          	106.69         	0.078          	0.0061         	0.0000         	0.065          	0.023          	64.621         	13.294         	2.496          	
1987-09-04	Soybean        	6.167          	0.995          	1.635          	0.000          	3.537          	0.3162         	325.89         	188.88         	163.57         	0.183          	0.0098         	0.0901         	0.000          	0.000          	90.069         	92.867         	0.000          	
1988-04-01	RyeBioenergyBM 	3.477          	0.926          	0.000          	2.297          	0.255          	0.0000         	53.88          	53.88          	117.90         	0.079          	0.0061         	0.0000         	0.066          	0.006          	65.703         	13.388         	2.861          	
1988-09-09	Maize          	13.980         	1.877          	7.605          	0.000          	4.497          	0.6284         	405.79         	247.00         	202.95         	0.195          	0.0182         	0.1380         	0.000          	0.000          	138.049        	57.022         	0.000          	
1989-04-16	RyeBioenergyBS 	4.620          	1.087          	0.000          	3.180          	0.353          	0.0000         	74.70          	74.70          	119.01         	0.096          	0.0073         	0.0000         	0.080          	0.004          	79.636         	16.112         	2.504          	
1989-09-03	Soybean        	10.602         	1.232          	3.238          	0.000          	6.132          	0.3456         	292.04         	285.84         	162.07         	0.299          	0.0121         	0.1604         	0.000          	0.000          	160.397        	138.742        	0.000          	
1990-04-01	RyeBioenergyBM 	4.484          	1.029          	0.000          	3.109          	0.345          	0.0000         	76.95          	76.95          	106.96         	0.093          	0.0069         	0.0000         	0.078          	0.009          	77.945         	15.526         	2.507          	
1990-09-03	Maize          	20.207         	2.699          	10.646         	0.000          	6.862          	0.6081         	402.44         	335.16         	193.07         	0.212          	0.0242         	0.1449         	0.000          	0.000          	144.889        	67.253         	0.000          	
1991-04-16	RyeBioenergyBS 	5.953          	1.162          	0.000          	4.312          	0.479          	0.0000         	106.33         	106.33         	106.88         	0.091          	0.0066         	0.0000         	0.076          	0.049          	76.026         	15.045         	1.763          	
1991-09-03	Soybean        	8.260          	1.032          	2.472          	0.000          	4.756          	0.3421         	336.52         	256.33         	146.23         	0.237          	0.0101         	0.1259         	0.000          	0.000          	125.941        	111.377        	0.000          	
1992-04-01	RyeBioenergyBM 	3.702          	0.899          	0.000          	2.523          	0.280          	0.0000         	52.50          	52.50          	110.28         	0.083          	0.0059         	0.0000         	0.070          	0.006          	69.512         	13.657         	2.755          	
1992-09-07	Maize          	19.868         	2.650          	10.502         	0.000          	6.717          	0.6099         	389.21         	330.54         	171.99         	0.210          	0.0225         	0.1449         	0.000          	0.000          	144.893        	65.355         	0.000          	
1993-04-16	RyeBioenergyBS 	3.359          	0.867          	0.000          	2.243          	0.249          	0.0000         	51.59          	51.59          	99.73          	0.072          	0.0054         	0.0000         	0.060          	0.016          	60.291         	12.130         	2.689          	
1993-09-09	Soybean        	7.037          	0.991          	2.055          	0.000          	3.991          	0.3398         	387.11         	221.84         	165.19         	0.184          	0.0097         	0.0962         	0.000          	0.000          	96.173         	87.935         	0.000          	
1994-04-01	RyeBioenergyBM 	1.900          	0.622          	0.000          	1.150          	0.128          	0.0000         	27.22          	27.22          	113.30         	0.049          	0.0042         	0.0000         	0.041          	0.005          	40.576         	8.714          	3.528          	
1994-09-01	Maize          	17.479         	2.194          	9.636          	0.000          	5.649          	0.6304         	363.78         	287.10         	188.56         	0.209          	0.0184         	0.1492         	0.000          	0.000          	149.207        	60.130         	0.000          	
1995-04-16	RyeBioenergyBS 	6.227          	1.136          	0.000          	4.582          	0.509          	0.0000         	101.30         	101.30         	106.03         	0.103          	0.0066         	0.0000         	0.087          	0.023          	86.794         	16.274         	1.894          	
1995-09-07	Soybean        	7.687          	1.074          	2.248          	0.000          	4.364          	0.3400         	322.98         	223.64         	159.09         	0.230          	0.0106         	0.1211         	0.000          	0.000          	121.142        	108.966        	0.000          	
1996-04-01	RyeBioenergyBM 	1.811          	0.606          	0.000          	1.084          	0.120          	0.0000         	24.56          	24.56          	113.55         	0.052          	0.0045         	0.0000         	0.042          	0.001          	42.403         	9.170          	3.910          	
1996-09-03	Maize          	23.693         	2.882          	13.094         	0.000          	7.717          	0.6292         	389.59         	380.58         	181.74         	0.225          	0.0235         	0.1573         	0.000          	0.001          	157.296        	67.635         	0.000          	
1997-04-16	RyeBioenergyBS 	4.440          	1.085          	0.000          	3.020          	0.336          	0.0000         	77.74          	77.74          	94.76          	0.069          	0.0055         	0.0000         	0.057          	0.047          	57.163         	11.843         	1.893          	
1997-09-16	Soybean        	7.494          	1.028          	2.166          	0.000          	4.300          	0.3350         	356.06         	219.20         	174.84         	0.196          	0.0101         	0.1016         	0.000          	0.000          	101.587        	94.813         	0.000          	
1998-04-01	RyeBioenergyBM 	3.183          	0.875          	0.000          	2.078          	0.231          	0.0000         	54.05          	54.05          	102.45         	0.065          	0.0052         	0.0000         	0.053          	0.027          	53.393         	11.118         	2.570          	
1998-09-02	Maize          	17.270         	2.616          	8.648          	0.000          	6.007          	0.5901         	412.88         	291.46         	170.00         	0.205          	0.0235         	0.1385         	0.000          	0.000          	138.510        	66.861         	0.000          	
1999-04-16	RyeBioenergyBS 	6.196          	1.238          	0.000          	4.463          	0.496          	0.0000         	107.14         	107.14         	85.11          	0.092          	0.0067         	0.0000         	0.077          	0.041          	76.856         	15.219         	1.722          	
1999-09-09	Soybean        	7.472          	1.040          	2.139          	0.000          	4.294          	0.3325         	370.03         	244.41         	155.84         	0.213          	0.0102         	0.1099         	0.000          	0.000          	109.942        	103.104        	0.000          	
2000-04-01	RyeBioenergyBM 	4.851          	1.084          	0.000          	3.391          	0.377          	0.0000         	79.94          	79.94          	113.91         	0.091          	0.0065         	0.0000         	0.076          	0.014          	75.616         	14.901         	2.230          	
2000-09-05	Maize          	21.304         	2.635          	11.719         	0.000          	6.950          	0.6277         	382.80         	355.37         	173.08         	0.209          	0.0220         	0.1458         	0.000          	0.000          	145.819        	63.064         	0.000          	
2001-04-16	RyeBioenergyBS 	3.033          	0.846          	0.000          	1.968          	0.219          	0.0000         	49.48          	49.48          	99.44          	0.081          	0.0060         	0.0000         	0.067          	0.017          	67.473         	13.467         	3.428          	
2001-09-05	Soybean        	11.721         	1.425          	3.538          	0.000          	6.759          	0.3436         	348.82         	326.71         	116.09         	0.315          	0.0140         	0.1673         	0.000          	0.000          	167.301        	147.450        	0.000          	
2002-04-01	RyeBioenergyBM 	4.337          	0.822          	0.000          	3.164          	0.352          	0.0000         	67.95          	67.95          	97.26          	0.094          	0.0052         	0.0000         	0.080          	0.052          	79.615         	14.091         	2.516          	
2002-09-03	Maize          	14.639         	2.335          	7.136          	0.000          	5.168          	0.5800         	428.29         	249.87         	180.78         	0.208          	0.0230         	0.1397         	0.000          	0.000          	139.737        	68.007         	0.000          	
2003-04-16	RyeBioenergyBS 	2.833          	0.872          	0.000          	1.765          	0.196          	0.0000         	47.19          	47.19          	105.61         	0.065          	0.0055         	0.0000         	0.054          	0.013          	53.898         	11.507         	3.054          	
2003-09-06	Soybean        	10.826         	1.243          	3.315          	0.000          	6.268          	0.3459         	283.83         	282.61         	168.74         	0.301          	0.0122         	0.1615         	0.000          	0.000          	161.458        	139.481        	0.000          	
2004-04-01	RyeBioenergyBM 	3.228          	0.876          	0.000          	2.117          	0.235          	0.0000         	49.24          	49.24          	90.26          	0.078          	0.0060         	0.0000         	0.065          	0.006          	64.816         	13.218         	3.062          	
2004-08-26	Maize          	24.112         	2.852          	13.483         	0.000          	7.777          	0.6342         	365.57         	365.09         	175.22         	0.230          	0.0236         	0.1616         	0.000          	0.000          	161.574        	68.266         	0.000          	
2005-04-16	RyeBioenergyBS 	4.823          	1.081          	0.000          	3.368          	0.374          	0.0000         	77.80          	77.80          	90.21          	0.081          	0.0059         	0.0000         	0.067          	0.024          	67.431         	13.431         	2.002          	
2005-09-09	Soybean        	11.520         	1.370          	3.507          	0.000          	6.643          	0.3455         	341.30         	320.23         	151.96         	0.309          	0.0135         	0.1649         	0.000          	0.000          	164.924        	143.695        	0.000          	
2006-04-01	RyeBioenergyBM 	3.463          	0.887          	0.000          	2.319          	0.258          	0.0000         	55.49          	55.49          	89.07          	0.069          	0.0053         	0.0000         	0.058          	0.020          	57.694         	11.756         	2.488          	
2006-08-31	Maize          	21.484         	2.949          	11.355         	0.000          	7.180          	0.6126         	416.81         	362.30         	144.61         	0.228          	0.0257         	0.1561         	0.000          	0.000          	156.115        	71.512         	0.000          	
2007-04-16	RyeBioenergyBS 	4.637          	1.007          	0.000          	3.267          	0.363          	0.0000         	81.35          	81.35          	87.90          	0.080          	0.0058         	0.0000         	0.066          	0.037          	66.481         	13.160         	2.035          	
2007-09-07	Soybean        	9.377          	1.251          	2.743          	0.000          	5.382          	0.3376         	391.32         	292.48         	140.41         	0.265          	0.0123         	0.1385         	0.000          	0.000          	138.485        	126.189        	0.000          	
2008-04-01	RyeBioenergyBM 	3.990          	0.966          	0.000          	2.722          	0.302          	0.0000         	63.93          	63.92          	83.21          	0.073          	0.0055         	0.0000         	0.061          	0.029          	60.663         	12.220         	2.229          	
2008-09-01	Maize          	17.809         	2.656          	8.908          	0.000          	6.245          	0.5879         	437.79         	298.51         	163.96         	0.203          	0.0240         	0.1360         	0.000          	0.000          	136.042        	66.859         	0.000          	
2009-04-16	RyeBioenergyBS 	5.480          	1.244          	0.000          	3.813          	0.424          	0.0000         	81.85          	81.85          	98.31          	0.094          	0.0071         	0.0000         	0.078          	0.019          	78.241         	15.760         	2.052          	
2009-08-28	Soybean        	11.301         	1.403          	3.395          	0.000          	6.504          	0.3429         	324.66         	282.74         	142.82         	0.307          	0.0138         	0.1631         	0.000          	0.000          	163.115        	144.291        	0.000          	
2010-04-01	RyeBioenergyBM 	3.999          	1.078          	0.000          	2.629          	0.292          	0.0000         	57.51          	57.51          	99.00          	0.092          	0.0075         	0.0000         	0.076          	0.003          	75.637         	15.863         	2.877          	
2010-08-29	Maize          	17.296         	2.395          	9.017          	0.000          	5.884          	0.6051         	461.43         	293.30         	171.39         	0.217          	0.0231         	0.1493         	0.000          	0.000          	149.316        	67.885         	0.000          	
2011-04-16	RyeBioenergyBS 	5.478          	1.303          	0.000          	3.757          	0.417          	0.0000         	88.61          	88.61          	112.03         	0.093          	0.0075         	0.0000         	0.077          	0.025          	77.306         	16.056         	2.058          	
2011-08-25	Soybean        	8.411          	1.175          	2.430          	0.000          	4.806          	0.3359         	354.36         	232.59         	168.53         	0.234          	0.0115         	0.1216         	0.000          	0.000          	121.554        	112.412        	0.000          	
2012-04-01	RyeBioenergyBM 	7.451          	1.416          	0.000          	5.431          	0.603          	0.0000         	125.65         	125.65         	116.93         	0.106          	0.0078         	0.0000         	0.088          	0.052          	88.221         	17.612         	1.624          	
2012-08-26	Maize          	16.851         	2.448          	8.694          	0.000          	5.709          	0.6036         	434.68         	277.73         	189.06         	0.193          	0.0219         	0.1314         	0.000          	0.000          	131.397        	61.466         	0.000          	
