DATE      	CROP           	TOTAL BIOMASS  	ROOT BIOMASS   	GRAIN YIELD    	FORAGE YIELD   	AG RESIDUE     	HARVEST INDEX  	POTENTIAL TR   	ACTUAL TR      	SOIL EVAP      	TOTAL N        	ROOT N         	GRAIN N        	FORAGE N       	CUM. N STRESS  	N IN HARVEST   	N IN RESIDUE   	N CONCN FORAGE 
YYYY-MM-DD	-              	Mg/ha          	Mg/ha          	Mg/ha          	Mg/ha          	Mg/ha          	Mg/Mg          	mm             	mm             	mm             	Mg/ha          	Mg/ha          	Mg/ha          	Mg/ha          	-              	kg/ha          	kg/ha          	%              
1984-09-24	Soybean        	10.883         	1.244          	3.248          	0.000          	6.390          	0.3370         	298.23         	298.23         	156.16         	0.306          	0.0123         	0.1611         	0.000          	0.000          	161.081        	145.173        	0.000          	
1985-04-28	RyeBioenergyBM 	6.387          	1.166          	0.000          	4.699          	0.522          	0.0000         	141.11         	141.11         	86.00          	0.086          	0.0063         	0.0000         	0.072          	0.104          	71.917         	14.340         	1.530          	
1985-09-25	Maize          	20.909         	2.739          	10.662         	0.000          	7.509          	0.5868         	387.89         	342.73         	149.90         	0.221          	0.0238         	0.1499         	0.000          	0.000          	149.876        	71.128         	0.000          	
1986-05-11	RyeBioenergyBS 	6.098          	0.995          	0.000          	4.593          	0.510          	0.0000         	142.03         	142.03         	107.88         	0.082          	0.0050         	0.0000         	0.069          	0.142          	69.220         	12.739         	1.507          	
1986-09-26	Soybean        	10.331         	1.242          	3.081          	0.000          	6.009          	0.3390         	311.59         	294.81         	109.37         	0.288          	0.0123         	0.1518         	0.000          	0.000          	151.794        	136.234        	0.000          	
1987-04-28	RyeBioenergyBM 	4.712          	1.024          	0.000          	3.318          	0.369          	0.0000         	88.06          	88.06          	121.83         	0.084          	0.0060         	0.0000         	0.070          	0.042          	69.980         	13.825         	2.109          	
1987-09-26	Maize          	17.530         	2.395          	8.392          	0.000          	6.743          	0.5545         	404.28         	304.83         	117.48         	0.222          	0.0225         	0.1480         	0.000          	0.000          	147.978        	73.973         	0.000          	
1988-05-11	RyeBioenergyBS 	6.066          	1.240          	0.000          	4.343          	0.483          	0.0000         	117.60         	117.60         	111.58         	0.088          	0.0067         	0.0000         	0.073          	0.062          	73.480         	14.827         	1.692          	
1988-09-28	Soybean        	9.069          	1.091          	2.723          	0.000          	5.255          	0.3413         	315.69         	272.88         	123.26         	0.255          	0.0109         	0.1349         	0.000          	0.000          	134.880        	119.695        	0.000          	
1989-04-28	RyeBioenergyBM 	4.326          	0.980          	0.000          	3.012          	0.335          	0.0000         	84.86          	84.86          	121.73         	0.074          	0.0056         	0.0000         	0.062          	0.036          	61.755         	12.463         	2.051          	
1989-09-25	Maize          	19.500         	2.609          	9.530          	0.000          	7.361          	0.5642         	350.07         	307.67         	133.99         	0.225          	0.0232         	0.1506         	0.000          	0.000          	150.562        	74.044         	0.000          	
1990-05-11	RyeBioenergyBS 	6.557          	1.201          	0.000          	4.821          	0.536          	0.0000         	143.68         	143.68         	103.58         	0.086          	0.0063         	0.0000         	0.072          	0.101          	71.658         	14.285         	1.486          	
1990-09-18	Soybean        	9.799          	1.214          	2.843          	0.000          	5.741          	0.3312         	290.90         	276.72         	108.78         	0.281          	0.0121         	0.1452         	0.000          	0.000          	145.174        	135.589        	0.000          	
1991-04-28	RyeBioenergyBM 	6.486          	1.167          	0.000          	4.787          	0.532          	0.0000         	117.78         	117.78         	115.62         	0.096          	0.0068         	0.0000         	0.081          	0.061          	80.675         	15.751         	1.685          	
1991-09-22	Maize          	16.101         	2.167          	8.085          	0.000          	5.849          	0.5802         	410.93         	281.43         	114.65         	0.212          	0.0186         	0.1465         	0.000          	0.000          	146.488        	65.770         	0.000          	
1992-05-11	RyeBioenergyBS 	6.095          	1.133          	0.000          	4.466          	0.496          	0.0000         	103.10         	103.10         	112.68         	0.093          	0.0063         	0.0000         	0.078          	0.054          	78.092         	14.992         	1.749          	
1992-09-28	Soybean        	10.687         	1.312          	3.158          	0.000          	6.218          	0.3368         	287.13         	287.13         	129.54         	0.301          	0.0130         	0.1579         	0.000          	0.000          	157.875        	143.429        	0.000          	
1993-04-28	RyeBioenergyBM 	3.602          	0.922          	0.000          	2.412          	0.268          	0.0000         	64.51          	64.51          	106.44         	0.069          	0.0053         	0.0000         	0.058          	0.036          	57.736         	11.763         	2.394          	
1993-09-24	Maize          	18.911         	2.719          	8.643          	0.000          	7.549          	0.5338         	402.92         	318.17         	114.82         	0.234          	0.0252         	0.1521         	0.000          	0.000          	152.137        	81.621         	0.000          	
1994-05-11	RyeBioenergyBS 	5.687          	1.225          	0.000          	4.016          	0.446          	0.0000         	116.40         	116.40         	96.76          	0.083          	0.0064         	0.0000         	0.069          	0.078          	68.551         	14.033         	1.707          	
1994-09-24	Soybean        	11.044         	1.270          	3.304          	0.000          	6.470          	0.3381         	298.04         	298.04         	121.16         	0.308          	0.0125         	0.1621         	0.000          	0.000          	162.119        	145.539        	0.000          	
1995-04-28	RyeBioenergyBM 	5.986          	1.071          	0.000          	4.424          	0.492          	0.0000         	109.92         	109.92         	112.90         	0.091          	0.0061         	0.0000         	0.077          	0.054          	76.750         	14.657         	1.735          	
1995-09-23	Maize          	15.525         	2.268          	6.902          	0.000          	6.354          	0.5207         	367.69         	261.83         	126.19         	0.229          	0.0221         	0.1493         	0.000          	0.000          	149.279        	79.865         	0.000          	
1996-05-11	RyeBioenergyBS 	5.214          	1.217          	0.000          	3.598          	0.400          	0.0000         	107.06         	107.06         	110.66         	0.081          	0.0066         	0.0000         	0.067          	0.079          	66.910         	14.051         	1.860          	
1996-09-20	Soybean        	10.887         	1.285          	3.221          	0.000          	6.381          	0.3355         	286.10         	285.92         	140.43         	0.303          	0.0127         	0.1585         	0.000          	0.000          	158.460        	144.437        	0.000          	
1997-04-28	RyeBioenergyBM 	5.293          	1.124          	0.000          	3.752          	0.417          	0.0000         	98.11          	98.11          	113.28         	0.081          	0.0060         	0.0000         	0.068          	0.061          	67.541         	13.553         	1.800          	
1997-09-28	Maize          	19.195         	2.505          	9.677          	0.000          	7.014          	0.5798         	397.19         	321.65         	134.65         	0.218          	0.0226         	0.1477         	0.000          	0.000          	147.737        	70.207         	0.000          	
1998-05-11	RyeBioenergyBS 	6.695          	1.195          	0.891          	4.148          	0.461          	0.1620         	138.23         	138.23         	102.41         	0.088          	0.0062         	0.0216         	0.054          	0.130          	75.498         	12.178         	1.299          	
1998-09-22	Soybean        	10.730         	1.240          	3.187          	0.000          	6.304          	0.3358         	310.30         	305.81         	130.43         	0.300          	0.0122         	0.1573         	0.000          	0.000          	157.338        	142.836        	0.000          	
1999-04-28	RyeBioenergyBM 	7.023          	1.276          	0.000          	5.172          	0.575          	0.0000         	126.02         	126.02         	90.50          	0.098          	0.0068         	0.0000         	0.082          	0.062          	81.869         	15.933         	1.583          	
1999-09-26	Maize          	15.682         	2.145          	7.863          	0.000          	5.674          	0.5808         	430.73         	269.93         	130.78         	0.214          	0.0197         	0.1471         	0.000          	0.000          	147.072        	66.999         	0.000          	
2000-05-11	RyeBioenergyBS 	8.038          	1.258          	1.196          	5.026          	0.558          	0.1764         	162.24         	162.24         	114.10         	0.104          	0.0069         	0.0285         	0.062          	0.083          	90.593         	13.761         	1.236          	
2000-09-25	Soybean        	10.504         	1.282          	3.071          	0.000          	6.151          	0.3330         	282.73         	273.69         	151.08         	0.295          	0.0127         	0.1534         	0.000          	0.000          	153.397        	141.926        	0.000          	
2001-04-28	RyeBioenergyBM 	4.169          	1.011          	0.000          	2.842          	0.316          	0.0000         	70.33          	70.33          	105.72         	0.079          	0.0060         	0.0000         	0.066          	0.027          	65.790         	13.294         	2.315          	
2001-09-27	Maize          	19.985         	2.797          	9.262          	0.000          	7.926          	0.5389         	413.15         	335.06         	135.99         	0.234          	0.0261         	0.1524         	0.000          	0.000          	152.442        	81.721         	0.000          	
2002-05-11	RyeBioenergyBS 	6.343          	0.812          	1.256          	3.848          	0.428          	0.2270         	122.96         	122.96         	131.52         	0.095          	0.0045         	0.0347         	0.051          	0.156          	85.311         	10.128         	1.314          	
2002-09-28	Soybean        	6.966          	1.016          	1.933          	0.000          	4.018          	0.3248         	371.47         	217.73         	110.61         	0.190          	0.0100         	0.0958         	0.000          	0.000          	95.769         	94.272         	0.000          	
2003-04-28	RyeBioenergyBM 	3.254          	0.911          	0.000          	2.109          	0.234          	0.0000         	69.08          	69.08          	120.60         	0.060          	0.0050         	0.0000         	0.050          	0.043          	49.861         	10.590         	2.364          	
2003-09-27	Maize          	21.628         	2.681          	11.159         	0.000          	7.788          	0.5890         	354.23         	345.18         	157.13         	0.226          	0.0235         	0.1540         	0.000          	0.000          	154.010        	71.871         	0.000          	
2004-05-11	RyeBioenergyBS 	6.169          	1.141          	0.000          	4.525          	0.503          	0.0000         	132.38         	132.38         	94.37          	0.080          	0.0057         	0.0000         	0.067          	0.112          	66.532         	13.084         	1.470          	
2004-09-20	Soybean        	10.806         	1.301          	3.190          	0.000          	6.315          	0.3356         	284.63         	284.63         	148.45         	0.303          	0.0128         	0.1584         	0.000          	0.000          	158.375        	144.414        	0.000          	
2005-04-28	RyeBioenergyBM 	5.471          	1.140          	0.000          	3.898          	0.433          	0.0000         	100.89         	100.89         	107.31         	0.089          	0.0064         	0.0000         	0.074          	0.045          	74.084         	14.653         	1.901          	
2005-09-23	Maize          	18.780         	2.642          	8.930          	0.000          	7.208          	0.5534         	384.16         	324.75         	111.80         	0.226          	0.0230         	0.1508         	0.000          	0.000          	150.785        	75.564         	0.000          	
2006-05-11	RyeBioenergyBS 	6.822          	1.142          	0.946          	4.260          	0.473          	0.1666         	164.30         	164.30         	106.78         	0.082          	0.0058         	0.0209         	0.050          	0.138          	70.781         	11.305         	1.171          	
2006-09-24	Soybean        	8.050          	1.070          	2.262          	0.000          	4.719          	0.3240         	295.85         	230.88         	139.89         	0.240          	0.0106         	0.1217         	0.000          	0.000          	121.684        	118.100        	0.000          	
2007-04-28	RyeBioenergyBM 	5.268          	1.043          	0.000          	3.802          	0.422          	0.0000         	100.50         	100.50         	108.15         	0.088          	0.0061         	0.0000         	0.073          	0.045          	73.436         	14.305         	1.932          	
2007-09-23	Maize          	23.061         	3.036          	11.449         	0.000          	8.576          	0.5717         	433.08         	388.01         	132.41         	0.228          	0.0260         	0.1515         	0.000          	0.000          	151.480        	76.062         	0.000          	
2008-05-11	RyeBioenergyBS 	6.066          	1.158          	0.000          	4.417          	0.491          	0.0000         	135.21         	135.21         	99.64          	0.075          	0.0057         	0.0000         	0.062          	0.132          	62.312         	12.629         	1.411          	
2008-09-25	Soybean        	10.593         	1.304          	3.091          	0.000          	6.198          	0.3327         	341.52         	307.07         	132.65         	0.294          	0.0129         	0.1522         	0.000          	0.000          	152.222        	141.298        	0.000          	
2009-04-28	RyeBioenergyBM 	4.957          	1.097          	0.000          	3.474          	0.386          	0.0000         	92.43          	92.43          	110.15         	0.081          	0.0060         	0.0000         	0.068          	0.044          	67.882         	13.581         	1.954          	
2009-09-24	Maize          	24.616         	3.019          	12.767         	0.000          	8.830          	0.5911         	382.94         	374.77         	161.34         	0.232          	0.0255         	0.1576         	0.000          	0.001          	157.645        	74.703         	0.000          	
2010-05-11	RyeBioenergyBS 	6.821          	1.242          	0.000          	5.021          	0.558          	0.0000         	167.58         	167.58         	90.52          	0.080          	0.0060         	0.0000         	0.066          	0.146          	66.311         	13.398         	1.321          	
2010-09-21	Soybean        	10.776         	1.314          	3.164          	0.000          	6.299          	0.3343         	353.59         	319.93         	93.66          	0.294          	0.0130         	0.1529         	0.000          	0.000          	152.932        	140.916        	0.000          	
2011-04-28	RyeBioenergyBM 	4.918          	1.152          	0.000          	3.390          	0.377          	0.0000         	89.35          	89.35          	115.89         	0.083          	0.0065         	0.0000         	0.069          	0.046          	68.961         	14.194         	2.035          	
2011-09-18	Maize          	22.111         	2.815          	11.274         	0.000          	8.021          	0.5843         	406.41         	360.81         	130.98         	0.230          	0.0253         	0.1555         	0.000          	0.000          	155.480        	74.754         	0.000          	
2012-05-11	RyeBioenergyBS 	8.600          	1.301          	1.637          	5.096          	0.566          	0.2243         	184.96         	184.96         	101.65         	0.092          	0.0064         	0.0324         	0.048          	0.180          	80.625         	11.750         	0.946          	
2012-09-19	Soybean        	9.727          	1.170          	2.904          	0.000          	5.653          	0.3394         	328.54         	281.33         	136.13         	0.265          	0.0115         	0.1395         	0.000          	0.000          	139.547        	125.257        	0.000          	
