DATE      	CROP           	TOTAL BIOMASS  	ROOT BIOMASS   	GRAIN YIELD    	FORAGE YIELD   	AG RESIDUE     	HARVEST INDEX  	POTENTIAL TR   	ACTUAL TR      	SOIL EVAP      	TOTAL N        	ROOT N         	GRAIN N        	FORAGE N       	CUM. N STRESS  	N IN HARVEST   	N IN RESIDUE   	N CONCN FORAGE 
YYYY-MM-DD	-              	Mg/ha          	Mg/ha          	Mg/ha          	Mg/ha          	Mg/ha          	Mg/Mg          	mm             	mm             	mm             	Mg/ha          	Mg/ha          	Mg/ha          	Mg/ha          	-              	kg/ha          	kg/ha          	%              
1984-09-17	Maize          	21.080         	2.710          	10.521         	0.000          	7.849          	0.5727         	338.63         	338.63         	152.70         	0.237          	0.0245         	0.1597         	0.000          	0.000          	159.691        	77.079         	0.000          	
1985-05-21	RyeBioenergyBS 	0.805          	0.147          	0.162          	0.446          	0.050          	0.2466         	43.56          	43.56          	165.64         	0.017          	0.0008         	0.0066         	0.008          	0.464          	14.986         	1.685          	1.880          	
1985-09-13	Soybean        	8.380          	1.175          	2.305          	0.000          	4.899          	0.3200         	253.27         	235.72         	137.47         	0.256          	0.0119         	0.1285         	0.000          	0.000          	128.456        	127.945        	0.000          	
1986-05-08	RyeBioenergyBM 	3.956          	0.838          	0.000          	2.807          	0.312          	0.0000         	111.31         	111.31         	124.85         	0.056          	0.0042         	0.0000         	0.046          	0.150          	46.447         	9.398          	1.655          	
1986-09-17	Maize          	18.745         	2.767          	8.857          	0.000          	7.120          	0.5544         	341.72         	297.13         	128.37         	0.239          	0.0265         	0.1577         	0.000          	0.000          	157.729        	81.393         	0.000          	
1987-05-21	RyeBioenergyBS 	1.353          	0.296          	0.000          	0.952          	0.106          	0.0000         	71.06          	71.06          	157.46         	0.021          	0.0013         	0.0000         	0.017          	0.318          	17.378         	3.267          	1.826          	
1987-09-26	Soybean        	9.975          	1.177          	2.933          	0.000          	5.865          	0.3333         	287.17         	282.35         	140.73         	0.286          	0.0117         	0.1491         	0.000          	0.000          	149.061        	137.028        	0.000          	
1988-05-08	RyeBioenergyBM 	3.067          	0.727          	0.000          	2.106          	0.234          	0.0000         	77.90          	77.90          	128.89         	0.049          	0.0037         	0.0000         	0.041          	0.115          	40.680         	8.248          	1.932          	
1988-09-28	Maize          	16.758         	2.334          	8.238          	0.000          	6.186          	0.5711         	381.27         	297.46         	129.78         	0.236          	0.0208         	0.1614         	0.000          	0.000          	161.396        	74.216         	0.000          	
1989-05-21	RyeBioenergyBS 	1.595          	0.376          	0.000          	1.097          	0.122          	0.0000         	67.53          	67.53          	150.85         	0.023          	0.0017         	0.0000         	0.019          	0.268          	19.413         	3.887          	1.769          	
1989-09-24	Soybean        	9.334          	1.157          	2.731          	0.000          	5.445          	0.3340         	255.80         	243.49         	139.26         	0.276          	0.0115         	0.1440         	0.000          	0.000          	143.962        	132.125        	0.000          	
1990-05-08	RyeBioenergyBM 	3.974          	0.811          	0.000          	2.847          	0.316          	0.0000         	102.90         	102.90         	130.63         	0.059          	0.0043         	0.0000         	0.049          	0.145          	49.378         	9.775          	1.734          	
1990-09-18	Maize          	20.416         	2.677          	10.206         	0.000          	7.534          	0.5753         	321.94         	321.94         	155.59         	0.253          	0.0251         	0.1715         	0.000          	0.000          	171.542        	81.182         	0.000          	
1991-05-21	RyeBioenergyBS 	2.091          	0.381          	0.425          	1.157          	0.129          	0.2483         	79.10          	79.10          	179.84         	0.031          	0.0018         	0.0123         	0.015          	0.392          	27.803         	3.542          	1.337          	
1991-09-21	Soybean        	8.309          	1.051          	2.385          	0.000          	4.874          	0.3285         	278.42         	245.18         	92.53          	0.253          	0.0104         	0.1303         	0.000          	0.000          	130.254        	122.779        	0.000          	
1992-05-08	RyeBioenergyBM 	3.445          	0.716          	0.000          	2.456          	0.273          	0.0000         	78.99          	78.99          	124.56         	0.053          	0.0038         	0.0000         	0.044          	0.123          	44.112         	8.679          	1.796          	
1992-09-25	Maize          	21.399         	2.801          	10.931         	0.000          	7.667          	0.5877         	317.82         	317.82         	127.43         	0.255          	0.0260         	0.1739         	0.000          	0.000          	173.914        	80.764         	0.000          	
1993-05-21	RyeBioenergyBS 	0.776          	0.195          	0.000          	0.523          	0.058          	0.0000         	46.56          	46.56          	134.45         	0.014          	0.0010         	0.0000         	0.012          	0.318          	12.047         	2.303          	2.304          	
1993-09-28	Soybean        	9.319          	1.166          	2.734          	0.000          	5.419          	0.3353         	284.97         	259.85         	118.58         	0.270          	0.0116         	0.1413         	0.000          	0.000          	141.310        	129.185        	0.000          	
1994-05-08	RyeBioenergyBM 	2.488          	0.645          	0.000          	1.658          	0.184          	0.0000         	73.59          	73.59          	115.87         	0.041          	0.0032         	0.0000         	0.034          	0.146          	33.992         	6.928          	2.050          	
1994-09-28	Maize          	22.653         	2.733          	11.912         	0.000          	8.007          	0.5980         	344.43         	344.43         	146.06         	0.267          	0.0251         	0.1848         	0.000          	0.000          	184.816        	81.697         	0.000          	
1995-05-21	RyeBioenergyBS 	1.107          	0.204          	0.192          	0.640          	0.071          	0.2125         	51.78          	51.78          	164.65         	0.019          	0.0010         	0.0063         	0.010          	0.400          	16.640         	2.128          	1.609          	
1995-09-11	Soybean        	6.697          	0.988          	1.796          	0.000          	3.912          	0.3147         	257.78         	196.67         	126.02         	0.219          	0.0099         	0.1082         	0.000          	0.000          	108.200        	110.556        	0.000          	
1996-05-08	RyeBioenergyBM 	2.992          	0.782          	0.000          	1.989          	0.221          	0.0000         	75.15          	75.15          	147.60         	0.051          	0.0040         	0.0000         	0.042          	0.102          	42.160         	8.718          	2.119          	
1996-09-25	Maize          	22.857         	2.847          	11.755         	0.000          	8.255          	0.5874         	350.08         	350.08         	154.28         	0.250          	0.0258         	0.1704         	0.000          	0.000          	170.411        	79.509         	0.000          	
1997-05-21	RyeBioenergyBS 	0.698          	0.149          	0.000          	0.494          	0.055          	0.0000         	39.61          	39.61          	157.77         	0.013          	0.0007         	0.0000         	0.011          	0.381          	10.635         	1.915          	2.152          	
1997-09-28	Soybean        	10.177         	1.252          	2.973          	0.000          	5.952          	0.3332         	294.99         	283.91         	122.94         	0.286          	0.0125         	0.1486         	0.000          	0.000          	148.608        	137.610        	0.000          	
1998-05-08	RyeBioenergyBM 	3.693          	0.758          	0.000          	2.641          	0.293          	0.0000         	93.86          	93.86          	124.36         	0.057          	0.0039         	0.0000         	0.048          	0.162          	47.800         	9.257          	1.810          	
1998-09-25	Maize          	19.409         	2.591          	9.460          	0.000          	7.358          	0.5625         	369.08         	318.09         	115.33         	0.250          	0.0249         	0.1682         	0.000          	0.000          	168.186        	81.977         	0.000          	
1999-05-21	RyeBioenergyBS 	1.289          	0.208          	0.266          	0.733          	0.081          	0.2461         	59.05          	59.05          	162.17         	0.022          	0.0010         	0.0086         	0.011          	0.466          	19.478         	2.185          	1.489          	
1999-09-28	Soybean        	9.698          	1.221          	2.788          	0.000          	5.689          	0.3289         	318.49         	286.94         	119.05         	0.276          	0.0121         	0.1421         	0.000          	0.000          	142.052        	134.437        	0.000          	
2000-05-08	RyeBioenergyBM 	4.165          	0.759          	0.581          	2.542          	0.282          	0.1707         	110.86         	110.86         	131.12         	0.058          	0.0040         	0.0151         	0.035          	0.170          	49.905         	7.817          	1.368          	
2000-09-28	Maize          	18.876         	2.652          	9.083          	0.000          	7.141          	0.5598         	323.71         	279.47         	141.41         	0.236          	0.0242         	0.1581         	0.000          	0.000          	158.130        	78.290         	0.000          	
2001-05-21	RyeBioenergyBS 	0.899          	0.209          	0.000          	0.620          	0.069          	0.0000         	47.98          	47.98          	135.45         	0.016          	0.0010         	0.0000         	0.014          	0.340          	13.767         	2.573          	2.219          	
2001-09-28	Soybean        	8.679          	1.183          	2.445          	0.000          	5.051          	0.3262         	299.71         	245.10         	144.02         	0.256          	0.0117         	0.1303         	0.000          	0.000          	130.256        	125.533        	0.000          	
2002-05-08	RyeBioenergyBM 	4.850          	0.800          	0.977          	2.766          	0.307          	0.2412         	130.83         	130.83         	121.57         	0.063          	0.0042         	0.0238         	0.031          	0.207          	55.260         	7.712          	1.136          	
2002-09-27	Maize          	13.148         	2.255          	5.275          	0.000          	5.618          	0.4843         	389.20         	223.95         	144.34         	0.205          	0.0222         	0.1270         	0.000          	0.000          	126.979        	77.767         	0.000          	
2003-05-21	RyeBioenergyBS 	2.233          	0.557          	0.000          	1.509          	0.168          	0.0000         	77.26          	77.26          	134.99         	0.036          	0.0026         	0.0000         	0.030          	0.212          	30.019         	5.924          	1.990          	
2003-09-28	Soybean        	9.841          	1.183          	2.896          	0.000          	5.762          	0.3345         	251.57         	251.57         	137.91         	0.286          	0.0117         	0.1493         	0.000          	0.000          	149.333        	136.549        	0.000          	
2004-05-08	RyeBioenergyBM 	3.502          	0.731          	0.000          	2.494          	0.277          	0.0000         	90.23          	90.23          	110.65         	0.055          	0.0039         	0.0000         	0.046          	0.141          	45.614         	8.966          	1.829          	
2004-09-26	Maize          	22.831         	2.899          	11.850         	0.000          	8.083          	0.5945         	330.77         	330.77         	163.89         	0.265          	0.0270         	0.1816         	0.000          	0.000          	181.636        	83.119         	0.000          	
2005-05-21	RyeBioenergyBS 	0.989          	0.201          	0.127          	0.594          	0.066          	0.1614         	49.47          	49.47          	135.86         	0.017          	0.0010         	0.0042         	0.011          	0.363          	14.696         	2.131          	1.768          	
2005-09-27	Soybean        	7.713          	1.059          	2.142          	0.000          	4.512          	0.3219         	301.99         	228.76         	101.82         	0.238          	0.0104         	0.1202         	0.000          	0.000          	120.195        	117.853        	0.000          	
2006-05-08	RyeBioenergyBM 	3.803          	0.759          	0.000          	2.739          	0.304          	0.0000         	116.70         	116.70         	140.40         	0.051          	0.0038         	0.0000         	0.043          	0.168          	42.768         	8.581          	1.561          	
2006-09-28	Maize          	19.355         	2.558          	9.512          	0.000          	7.285          	0.5663         	346.06         	306.27         	157.83         	0.248          	0.0247         	0.1673         	0.000          	0.000          	167.312        	80.824         	0.000          	
2007-05-21	RyeBioenergyBS 	1.222          	0.235          	0.206          	0.703          	0.078          	0.2087         	55.55          	55.55          	175.81         	0.022          	0.0012         	0.0073         	0.012          	0.365          	19.602         	2.534          	1.744          	
2007-09-17	Soybean        	10.001         	1.290          	2.870          	0.000          	5.842          	0.3294         	294.96         	285.58         	118.16         	0.285          	0.0130         	0.1463         	0.000          	0.000          	146.280        	138.552        	0.000          	
2008-05-08	RyeBioenergyBM 	3.941          	0.835          	0.000          	2.796          	0.311          	0.0000         	84.09          	84.09          	124.23         	0.063          	0.0046         	0.0000         	0.053          	0.101          	52.531         	10.435         	1.879          	
2008-09-28	Maize          	17.932         	2.537          	8.427          	0.000          	6.969          	0.5474         	362.95         	291.33         	145.40         	0.244          	0.0249         	0.1620         	0.000          	0.000          	161.976        	82.442         	0.000          	
2009-05-21	RyeBioenergyBS 	1.221          	0.271          	0.000          	0.855          	0.095          	0.0000         	58.12          	58.12          	151.98         	0.019          	0.0012         	0.0000         	0.016          	0.318          	16.424         	3.073          	1.922          	
2009-09-28	Soybean        	10.550         	1.318          	3.074          	0.000          	6.158          	0.3330         	269.02         	269.02         	145.50         	0.296          	0.0131         	0.1535         	0.000          	0.000          	153.543        	142.492        	0.000          	
2010-05-08	RyeBioenergyBM 	3.794          	0.799          	0.000          	2.695          	0.299          	0.0000         	111.47         	111.47         	106.70         	0.055          	0.0040         	0.0000         	0.046          	0.169          	46.013         	9.138          	1.707          	
2010-09-26	Maize          	18.003         	2.518          	8.670          	0.000          	6.815          	0.5599         	373.88         	306.26         	132.37         	0.250          	0.0232         	0.1694         	0.000          	0.000          	169.371        	81.112         	0.000          	
2011-05-21	RyeBioenergyBS 	1.127          	0.249          	0.000          	0.790          	0.088          	0.0000         	49.76          	49.76          	149.51         	0.020          	0.0012         	0.0000         	0.017          	0.339          	17.031         	3.103          	2.156          	
2011-09-28	Soybean        	9.598          	1.150          	2.858          	0.000          	5.590          	0.3383         	288.23         	267.19         	130.99         	0.273          	0.0113         	0.1436         	0.000          	0.000          	143.583        	128.995        	0.000          	
2012-05-08	RyeBioenergyBM 	4.950          	0.817          	0.911          	2.900          	0.322          	0.2203         	128.86         	128.86         	122.75         	0.065          	0.0043         	0.0223         	0.034          	0.209          	56.444         	8.087          	1.177          	
2012-09-22	Maize          	20.166         	2.613          	10.462         	0.000          	7.090          	0.5961         	370.02         	329.16         	160.76         	0.241          	0.0239         	0.1661         	0.000          	0.000          	166.072        	74.997         	0.000          	
