DATE      	CROP           	TOTAL BIOMASS  	ROOT BIOMASS   	GRAIN YIELD    	FORAGE YIELD   	AG RESIDUE     	HARVEST INDEX  	POTENTIAL TR   	ACTUAL TR      	SOIL EVAP      	TOTAL N        	ROOT N         	GRAIN N        	FORAGE N       	CUM. N STRESS  	N IN HARVEST   	N IN RESIDUE   	N CONCN FORAGE 
YYYY-MM-DD	-              	Mg/ha          	Mg/ha          	Mg/ha          	Mg/ha          	Mg/ha          	Mg/Mg          	mm             	mm             	mm             	Mg/ha          	Mg/ha          	Mg/ha          	Mg/ha          	-              	kg/ha          	kg/ha          	%              
1984-09-17	Maize          	20.572         	2.689          	10.159         	0.000          	7.724          	0.5681         	338.18         	338.18         	151.60         	0.192          	0.0207         	0.1282         	0.000          	0.024          	128.227        	63.505         	0.000          	
1985-05-21	RyeBioenergyBS 	7.703          	1.208          	1.521          	4.476          	0.497          	0.2342         	182.88         	182.88         	101.81         	0.093          	0.0063         	0.0342         	0.047          	0.141          	81.575         	11.604         	1.058          	
1985-09-13	Soybean        	7.731          	1.132          	2.069          	0.000          	4.531          	0.3134         	252.97         	219.38         	134.76         	0.241          	0.0115         	0.1187         	0.000          	0.000          	118.746        	122.674        	0.000          	
1986-05-08	RyeBioenergyBM 	5.197          	1.041          	0.000          	3.740          	0.416          	0.0000         	119.23         	119.23         	124.68         	0.077          	0.0057         	0.0000         	0.064          	0.095          	64.386         	12.840         	1.721          	
1986-09-17	Maize          	18.572         	2.759          	8.732          	0.000          	7.080          	0.5522         	341.49         	294.47         	127.44         	0.211          	0.0240         	0.1388         	0.000          	0.000          	138.810        	72.631         	0.000          	
1987-05-21	RyeBioenergyBS 	6.614          	1.197          	0.000          	4.876          	0.542          	0.0000         	142.79         	142.79         	136.05         	0.093          	0.0065         	0.0000         	0.078          	0.083          	77.687         	15.167         	1.593          	
1987-09-26	Soybean        	9.868          	1.167          	2.896          	0.000          	5.804          	0.3328         	287.15         	278.96         	137.72         	0.283          	0.0116         	0.1474         	0.000          	0.000          	147.376        	135.848        	0.000          	
1988-05-08	RyeBioenergyBM 	4.466          	0.987          	0.000          	3.131          	0.348          	0.0000         	86.84          	86.84          	126.76         	0.076          	0.0057         	0.0000         	0.063          	0.052          	63.212         	12.701         	2.019          	
1988-09-28	Maize          	15.976         	2.237          	7.859          	0.000          	5.880          	0.5720         	362.73         	287.04         	136.63         	0.211          	0.0184         	0.1452         	0.000          	0.014          	145.210        	66.275         	0.000          	
1989-05-21	RyeBioenergyBS 	6.166          	1.166          	0.000          	4.500          	0.500          	0.0000         	112.19         	112.19         	131.61         	0.099          	0.0068         	0.0000         	0.083          	0.046          	82.702         	15.998         	1.838          	
1989-09-24	Soybean        	9.295          	1.156          	2.717          	0.000          	5.422          	0.3338         	255.75         	242.48         	137.34         	0.275          	0.0115         	0.1434         	0.000          	0.000          	143.438        	131.795        	0.000          	
1990-05-08	RyeBioenergyBM 	5.464          	1.037          	0.000          	3.984          	0.443          	0.0000         	110.18         	110.18         	128.29         	0.087          	0.0061         	0.0000         	0.073          	0.073          	72.500         	14.142         	1.820          	
1990-09-18	Maize          	20.416         	2.677          	10.206         	0.000          	7.534          	0.5753         	321.94         	321.94         	154.20         	0.229          	0.0231         	0.1553         	0.000          	0.000          	155.327        	73.845         	0.000          	
1991-05-21	RyeBioenergyBS 	8.080          	1.227          	1.665          	4.670          	0.519          	0.2429         	168.05         	168.05         	120.36         	0.100          	0.0068         	0.0379         	0.049          	0.132          	87.197         	12.303         	1.056          	
1991-09-21	Soybean        	7.911          	1.018          	2.249          	0.000          	4.644          	0.3263         	278.17         	233.04         	89.17          	0.242          	0.0101         	0.1238         	0.000          	0.000          	123.759        	118.129        	0.000          	
1992-05-08	RyeBioenergyBM 	4.721          	0.909          	0.000          	3.431          	0.381          	0.0000         	83.03          	83.03          	124.55         	0.080          	0.0053         	0.0000         	0.067          	0.057          	66.978         	12.716         	1.952          	
1992-09-25	Maize          	21.399         	2.801          	10.931         	0.000          	7.667          	0.5877         	317.82         	317.82         	126.61         	0.230          	0.0240         	0.1567         	0.000          	0.000          	156.675        	73.370         	0.000          	
1993-05-21	RyeBioenergyBS 	5.081          	1.066          	0.000          	3.613          	0.401          	0.0000         	121.56         	121.56         	107.09         	0.077          	0.0057         	0.0000         	0.064          	0.100          	64.373         	12.867         	1.782          	
1993-09-28	Soybean        	8.886          	1.118          	2.617          	0.000          	5.152          	0.3368         	283.58         	247.05         	116.09         	0.259          	0.0111         	0.1358         	0.000          	0.000          	135.824        	123.256        	0.000          	
1994-05-08	RyeBioenergyBM 	3.833          	0.943          	0.000          	2.600          	0.289          	0.0000         	89.20          	89.20          	111.80         	0.062          	0.0049         	0.0000         	0.052          	0.095          	51.739         	10.682         	1.990          	
1994-09-28	Maize          	22.653         	2.733          	11.912         	0.000          	8.007          	0.5980         	344.43         	344.43         	144.35         	0.245          	0.0235         	0.1693         	0.000          	0.000          	169.327        	75.354         	0.000          	
1995-05-21	RyeBioenergyBS 	6.930          	1.080          	1.190          	4.195          	0.466          	0.2034         	135.73         	135.73         	114.04         	0.093          	0.0059         	0.0298         	0.052          	0.104          	81.754         	11.661         	1.238          	
1995-09-11	Soybean        	6.679          	0.987          	1.790          	0.000          	3.902          	0.3145         	257.74         	196.08         	124.11         	0.218          	0.0099         	0.1078         	0.000          	0.000          	107.815        	110.321        	0.000          	
1996-05-08	RyeBioenergyBM 	4.020          	0.992          	0.000          	2.725          	0.303          	0.0000         	83.53          	83.53          	142.68         	0.074          	0.0058         	0.0000         	0.061          	0.057          	61.240         	12.593         	2.247          	
1996-09-25	Maize          	22.857         	2.847          	11.755         	0.000          	8.255          	0.5874         	350.08         	350.08         	153.45         	0.229          	0.0238         	0.1562         	0.000          	0.000          	156.224        	73.027         	0.000          	
1997-05-21	RyeBioenergyBS 	6.523          	1.158          	0.000          	4.828          	0.536          	0.0000         	138.79         	138.79         	114.42         	0.084          	0.0059         	0.0000         	0.070          	0.103          	69.883         	13.686         	1.447          	
1997-09-28	Soybean        	10.137         	1.247          	2.962          	0.000          	5.928          	0.3332         	294.68         	282.66         	120.96         	0.285          	0.0125         	0.1479         	0.000          	0.000          	147.934        	136.972        	0.000          	
1998-05-08	RyeBioenergyBM 	5.061          	0.974          	0.000          	3.678          	0.409          	0.0000         	103.07         	103.07         	120.83         	0.082          	0.0055         	0.0000         	0.069          	0.095          	68.776         	13.170         	1.870          	
1998-09-25	Maize          	19.359         	2.587          	9.426          	0.000          	7.347          	0.5620         	369.03         	317.23         	114.97         	0.230          	0.0235         	0.1544         	0.000          	0.000          	154.356        	75.932         	0.000          	
1999-05-21	RyeBioenergyBS 	8.459          	1.252          	1.689          	4.966          	0.552          	0.2344         	175.99         	175.99         	102.94         	0.101          	0.0066         	0.0373         	0.052          	0.137          	88.786         	12.346         	1.037          	
1999-09-28	Soybean        	8.875          	1.119          	2.562          	0.000          	5.195          	0.3303         	313.58         	259.83         	114.57         	0.253          	0.0111         	0.1305         	0.000          	0.000          	130.541        	122.678        	0.000          	
2000-05-08	RyeBioenergyBM 	5.776          	0.980          	0.816          	3.583          	0.398          	0.1701         	118.93         	118.93         	130.94         	0.085          	0.0055         	0.0223         	0.052          	0.090          	73.952         	11.271         	1.441          	
2000-09-28	Maize          	18.836         	2.648          	9.064          	0.000          	7.125          	0.5599         	323.64         	278.78         	140.53         	0.214          	0.0220         	0.1434         	0.000          	0.000          	143.351        	71.011         	0.000          	
2001-05-21	RyeBioenergyBS 	5.988          	1.106          	0.000          	4.394          	0.488          	0.0000         	128.50         	128.50         	116.71         	0.093          	0.0064         	0.0000         	0.078          	0.064          	77.857         	15.002         	1.772          	
2001-09-28	Soybean        	7.653          	1.074          	2.137          	0.000          	4.441          	0.3249         	296.10         	213.99         	140.08         	0.230          	0.0107         	0.1166         	0.000          	0.000          	116.552        	113.190        	0.000          	
2002-05-08	RyeBioenergyBM 	6.626          	1.013          	1.328          	3.856          	0.428          	0.2367         	138.57         	138.57         	117.01         	0.091          	0.0060         	0.0338         	0.046          	0.113          	79.854         	11.083         	1.193          	
2002-09-27	Maize          	13.133         	2.252          	5.273          	0.000          	5.608          	0.4846         	389.13         	223.54         	142.69         	0.194          	0.0213         	0.1204         	0.000          	0.000          	120.432        	73.929         	0.000          	
2003-05-21	RyeBioenergyBS 	6.169          	1.332          	0.000          	4.354          	0.484          	0.0000         	121.54         	121.54         	114.49         	0.102          	0.0080         	0.0000         	0.084          	0.047          	84.458         	17.397         	1.940          	
2003-09-28	Soybean        	9.841          	1.183          	2.896          	0.000          	5.762          	0.3345         	251.57         	251.57         	136.11         	0.286          	0.0117         	0.1493         	0.000          	0.000          	149.339        	136.553        	0.000          	
2004-05-08	RyeBioenergyBM 	4.885          	0.946          	0.000          	3.545          	0.394          	0.0000         	96.99          	96.99          	109.00         	0.082          	0.0056         	0.0000         	0.069          	0.070          	68.860         	13.262         	1.943          	
2004-09-26	Maize          	22.831         	2.899          	11.850         	0.000          	8.083          	0.5945         	330.77         	330.77         	163.39         	0.250          	0.0256         	0.1713         	0.000          	0.000          	171.295        	78.571         	0.000          	
2005-05-21	RyeBioenergyBS 	6.620          	1.148          	0.872          	4.140          	0.460          	0.1593         	142.76         	142.76         	100.65         	0.087          	0.0060         	0.0212         	0.054          	0.103          	75.216         	12.023         	1.306          	
2005-09-27	Soybean        	5.820          	0.792          	1.611          	0.000          	3.417          	0.3205         	254.83         	171.48         	110.43         	0.189          	0.0078         	0.0951         	0.000          	0.000          	95.077         	93.455         	0.000          	
2006-05-08	RyeBioenergyBM 	5.263          	0.980          	0.000          	3.855          	0.428          	0.0000         	126.54         	126.54         	143.22         	0.075          	0.0054         	0.0000         	0.063          	0.100          	62.800         	12.380         	1.629          	
2006-09-28	Maize          	19.335         	2.557          	9.498          	0.000          	7.281          	0.5661         	346.05         	305.92         	156.57         	0.228          	0.0233         	0.1530         	0.000          	0.000          	153.021        	74.661         	0.000          	
2007-05-21	RyeBioenergyBS 	6.974          	1.102          	1.178          	4.225          	0.469          	0.2006         	147.95         	147.95         	117.00         	0.098          	0.0063         	0.0308         	0.055          	0.084          	85.599         	12.393         	1.297          	
2007-09-17	Soybean        	9.652          	1.251          	2.760          	0.000          	5.641          	0.3286         	293.65         	274.27         	114.78         	0.277          	0.0126         	0.1422         	0.000          	0.000          	142.209        	135.226        	0.000          	
2008-05-08	RyeBioenergyBM 	4.824          	0.963          	0.000          	3.474          	0.386          	0.0000         	86.46          	86.46          	124.46         	0.087          	0.0060         	0.0000         	0.073          	0.055          	72.562         	14.019         	2.089          	
2008-09-28	Maize          	17.899         	2.534          	8.403          	0.000          	6.961          	0.5469         	362.95         	290.84         	145.08         	0.230          	0.0239         	0.1520         	0.000          	0.000          	152.036        	77.991         	0.000          	
2009-05-21	RyeBioenergyBS 	6.795          	1.235          	0.000          	5.004          	0.556          	0.0000         	126.08         	126.08         	117.31         	0.101          	0.0070         	0.0000         	0.085          	0.058          	85.064         	16.419         	1.700          	
2009-09-28	Soybean        	10.550         	1.318          	3.074          	0.000          	6.158          	0.3330         	269.02         	269.02         	143.52         	0.296          	0.0131         	0.1535         	0.000          	0.000          	153.532        	142.483        	0.000          	
2010-05-08	RyeBioenergyBM 	5.758          	1.143          	0.000          	4.154          	0.462          	0.0000         	128.56         	128.56         	98.43          	0.086          	0.0063         	0.0000         	0.072          	0.092          	71.566         	14.268         	1.723          	
2010-09-26	Maize          	17.768         	2.494          	8.531          	0.000          	6.743          	0.5585         	373.02         	302.19         	130.98         	0.237          	0.0221         	0.1599         	0.000          	0.000          	159.938        	76.996         	0.000          	
2011-05-21	RyeBioenergyBS 	6.432          	1.177          	0.000          	4.729          	0.525          	0.0000         	120.22         	120.22         	109.98         	0.097          	0.0068         	0.0000         	0.081          	0.075          	81.085         	15.764         	1.715          	
2011-09-28	Soybean        	9.593          	1.149          	2.857          	0.000          	5.587          	0.3383         	288.19         	267.04         	129.23         	0.272          	0.0113         	0.1435         	0.000          	0.000          	143.504        	128.910        	0.000          	
2012-05-08	RyeBioenergyBM 	6.789          	1.029          	1.265          	4.045          	0.449          	0.2196         	136.46         	136.46         	120.51         	0.096          	0.0059         	0.0331         	0.051          	0.112          	84.036         	11.568         	1.259          	
2012-09-22	Maize          	20.158         	2.611          	10.460         	0.000          	7.087          	0.5961         	369.82         	329.00         	159.26         	0.229          	0.0224         	0.1582         	0.000          	0.000          	158.172        	71.105         	0.000          	
