DATE      	CROP           	TOTAL BIOMASS  	ROOT BIOMASS   	GRAIN YIELD    	FORAGE YIELD   	AG RESIDUE     	HARVEST INDEX  	POTENTIAL TR   	ACTUAL TR      	SOIL EVAP      	TOTAL N        	ROOT N         	GRAIN N        	FORAGE N       	CUM. N STRESS  	N IN HARVEST   	N IN RESIDUE   	N CONCN FORAGE 
YYYY-MM-DD	-              	Mg/ha          	Mg/ha          	Mg/ha          	Mg/ha          	Mg/ha          	Mg/Mg          	mm             	mm             	mm             	Mg/ha          	Mg/ha          	Mg/ha          	Mg/ha          	-              	kg/ha          	kg/ha          	%              
1984-09-17	Soybean        	8.924          	1.113          	2.591          	0.000          	5.220          	0.3317         	245.88         	245.88         	155.15         	0.267          	0.0112         	0.1385         	0.000          	0.000          	138.528        	128.757        	0.000          	
1985-05-08	RyeBioenergyBM 	6.208          	1.100          	0.879          	3.807          	0.423          	0.1720         	137.52         	137.52         	105.36         	0.087          	0.0060         	0.0229         	0.052          	0.104          	74.835         	11.759         	1.364          	
1985-09-13	Maize          	16.123         	2.580          	6.675          	4.601          	2.266          	0.4929         	330.87         	262.45         	145.96         	0.193          	0.0221         	0.1202         	0.034          	0.000          	154.330        	38.979         	0.743          	
1986-05-20	Triticale      	7.184          	1.241          	0.000          	0.000          	5.943          	0.0000         	163.03         	163.03         	138.84         	0.097          	0.0069         	0.0000         	0.000          	0.103          	0.000          	96.597         	0.000          	
1986-09-17	Soybean        	9.246          	1.203          	2.677          	0.000          	5.366          	0.3328         	262.02         	249.86         	102.62         	0.274          	0.0121         	0.1422         	0.000          	0.000          	142.228        	132.011        	0.000          	
1987-05-08	RyeBioenergyBM 	5.038          	1.050          	0.000          	3.589          	0.399          	0.0000         	96.14          	96.14          	138.58         	0.085          	0.0061         	0.0000         	0.071          	0.047          	70.645         	13.952         	1.968          	
1987-09-26	Maize          	20.558         	2.565          	10.284         	5.165          	2.544          	0.5715         	366.98         	335.89         	140.28         	0.230          	0.0226         	0.1559         	0.034          	0.000          	190.374        	39.573         	0.668          	
1988-05-20	Triticale      	6.302          	1.196          	0.000          	0.000          	5.106          	0.0000         	126.73         	126.73         	160.18         	0.096          	0.0068         	0.0000         	0.000          	0.062          	0.000          	96.401         	0.000          	
1988-09-28	Soybean        	9.159          	1.186          	2.656          	0.000          	5.317          	0.3331         	312.58         	282.31         	90.28          	0.269          	0.0119         	0.1393         	0.000          	0.000          	139.342        	129.240        	0.000          	
1989-05-08	RyeBioenergyBM 	4.294          	0.958          	0.000          	3.002          	0.334          	0.0000         	85.96          	85.96          	132.25         	0.075          	0.0055         	0.0000         	0.063          	0.050          	62.625         	12.501         	2.086          	
1989-09-24	Maize          	19.806         	2.612          	9.846          	4.922          	2.424          	0.5727         	332.65         	302.14         	140.82         	0.232          	0.0237         	0.1568         	0.035          	0.000          	191.355        	40.743         	0.703          	
1990-05-20	Triticale      	7.306          	1.197          	0.000          	0.000          	6.109          	0.0000         	146.55         	146.55         	156.73         	0.103          	0.0068         	0.0000         	0.000          	0.083          	0.000          	102.572        	0.000          	
1990-09-18	Soybean        	9.425          	1.170          	2.752          	0.000          	5.503          	0.3334         	254.66         	254.66         	110.49         	0.279          	0.0117         	0.1452         	0.000          	0.000          	145.173        	133.736        	0.000          	
1991-05-08	RyeBioenergyBM 	6.845          	1.160          	1.038          	4.182          	0.465          	0.1826         	126.03         	126.03         	119.75         	0.099          	0.0068         	0.0280         	0.058          	0.077          	85.784         	13.263         	1.382          	
1991-09-21	Maize          	15.984         	2.210          	7.643          	4.108          	2.023          	0.5549         	361.16         	273.67         	90.08          	0.205          	0.0197         	0.1374         	0.032          	0.004          	169.367        	35.490         	0.778          	
1992-05-20	Triticale      	6.634          	1.084          	0.000          	0.000          	5.550          	0.0000         	114.47         	114.47         	145.42         	0.106          	0.0066         	0.0000         	0.000          	0.047          	0.000          	105.740        	0.000          	
1992-09-25	Soybean        	9.974          	1.220          	2.970          	0.000          	5.784          	0.3392         	249.18         	249.18         	103.34         	0.289          	0.0122         	0.1522         	0.000          	0.000          	152.170        	136.331        	0.000          	
1993-05-08	RyeBioenergyBM 	3.619          	0.900          	0.000          	2.448          	0.272          	0.0000         	81.45          	81.45          	110.75         	0.067          	0.0051         	0.0000         	0.056          	0.067          	55.623         	11.241         	2.273          	
1993-09-28	Maize          	17.527         	2.394          	8.764          	4.267          	2.102          	0.5791         	355.81         	283.06         	120.46         	0.225          	0.0213         	0.1537         	0.033          	0.000          	187.014        	37.679         	0.780          	
1994-05-20	Triticale      	5.903          	1.236          	0.000          	0.000          	4.667          	0.0000         	126.73         	126.73         	136.24         	0.085          	0.0066         	0.0000         	0.000          	0.092          	0.000          	84.819         	0.000          	
1994-09-28	Soybean        	10.572         	1.204          	3.177          	0.000          	6.190          	0.3392         	273.11         	273.11         	127.83         	0.298          	0.0119         	0.1578         	0.000          	0.000          	157.770        	140.596        	0.000          	
1995-05-08	RyeBioenergyBM 	5.564          	0.974          	0.000          	4.131          	0.459          	0.0000         	103.69         	103.69         	115.78         	0.086          	0.0056         	0.0000         	0.072          	0.068          	72.333         	13.650         	1.751          	
1995-09-11	Maize          	14.624         	2.300          	6.203          	4.101          	2.020          	0.5033         	337.10         	244.42         	128.75         	0.222          	0.0226         	0.1416         	0.039          	0.000          	180.410        	41.744         	0.947          	
1996-05-20	Triticale      	5.684          	1.200          	0.000          	0.000          	4.484          	0.0000         	114.99         	114.99         	157.57         	0.092          	0.0070         	0.0000         	0.000          	0.062          	0.000          	91.832         	0.000          	
1996-09-24	Soybean        	10.538         	1.264          	3.109          	0.000          	6.165          	0.3352         	275.10         	275.10         	131.50         	0.297          	0.0125         	0.1554         	0.000          	0.000          	155.391        	141.886        	0.000          	
1997-05-08	RyeBioenergyBM 	5.194          	1.041          	0.000          	3.737          	0.415          	0.0000         	105.21         	105.21         	123.00         	0.080          	0.0058         	0.0000         	0.067          	0.065          	66.702         	13.171         	1.785          	
1997-09-28	Maize          	19.956         	2.566          	10.202         	4.817          	2.372          	0.5866         	365.21         	322.13         	146.15         	0.226          	0.0213         	0.1555         	0.033          	0.000          	188.396        	37.472         	0.684          	
1998-05-20	Triticale      	6.875          	1.131          	0.000          	0.000          	5.744          	0.0000         	145.00         	145.00         	147.09         	0.098          	0.0063         	0.0000         	0.000          	0.104          	0.000          	97.502         	0.000          	
1998-09-27	Soybean        	9.794          	1.182          	2.876          	0.000          	5.736          	0.3339         	292.46         	277.74         	103.96         	0.282          	0.0116         	0.1472         	0.000          	0.000          	147.239        	135.071        	0.000          	
1999-05-08	RyeBioenergyBM 	6.621          	1.123          	0.914          	4.126          	0.458          	0.1662         	133.84         	133.84         	102.23         	0.089          	0.0059         	0.0227         	0.054          	0.104          	76.962         	11.979         	1.316          	
1999-09-28	Maize          	18.840         	2.546          	9.177          	4.769          	2.349          	0.5632         	407.03         	320.75         	112.49         	0.226          	0.0236         	0.1514         	0.034          	0.000          	185.763        	40.530         	0.720          	
2000-05-20	Triticale      	7.938          	1.148          	0.000          	0.000          	6.789          	0.0000         	162.98         	162.98         	155.53         	0.109          	0.0066         	0.0000         	0.000          	0.080          	0.000          	109.390        	0.000          	
2000-09-28	Soybean        	9.779          	1.213          	2.857          	0.000          	5.709          	0.3335         	254.33         	246.30         	104.62         	0.283          	0.0120         	0.1471         	0.000          	0.000          	147.073        	135.584        	0.000          	
2001-05-08	RyeBioenergyBM 	4.357          	0.943          	0.000          	3.072          	0.341          	0.0000         	89.42          	89.42          	120.79         	0.078          	0.0056         	0.0000         	0.065          	0.039          	65.291         	12.885         	2.125          	
2001-09-28	Maize          	16.339         	2.477          	7.442          	4.301          	2.119          	0.5369         	371.31         	264.94         	144.05         	0.223          	0.0232         	0.1458         	0.036          	0.000          	181.718        	40.856         	0.834          	
2002-05-20	Triticale      	8.815          	1.167          	0.000          	0.000          	7.648          	0.0000         	167.68         	167.68         	132.85         	0.117          	0.0071         	0.0000         	0.000          	0.087          	0.000          	116.869        	0.000          	
2002-09-26	Soybean        	7.178          	1.100          	1.891          	0.000          	4.187          	0.3111         	321.69         	211.13         	91.31          	0.214          	0.0108         	0.1045         	0.000          	0.000          	104.470        	109.955        	0.000          	
2003-05-08	RyeBioenergyBM 	4.239          	1.083          	0.000          	2.840          	0.316          	0.0000         	89.87          	89.87          	119.85         	0.077          	0.0064         	0.0000         	0.064          	0.047          	63.955         	13.490         	2.252          	
2003-09-28	Maize          	21.449         	2.707          	10.911         	5.247          	2.584          	0.5822         	323.83         	323.83         	145.35         	0.241          	0.0241         	0.1645         	0.035          	0.000          	199.838        	41.479         	0.673          	
2004-05-20	Triticale      	6.566          	1.090          	0.000          	0.000          	5.476          	0.0000         	136.99         	136.99         	141.79         	0.096          	0.0063         	0.0000         	0.000          	0.093          	0.000          	96.355         	0.000          	
2004-09-28	Soybean        	10.490         	1.249          	3.131          	0.000          	6.111          	0.3388         	257.12         	257.12         	122.87         	0.296          	0.0123         	0.1561         	0.000          	0.000          	156.128        	139.943        	0.000          	
2005-05-08	RyeBioenergyBM 	5.206          	1.029          	0.000          	3.760          	0.418          	0.0000         	101.01         	101.01         	106.22         	0.083          	0.0058         	0.0000         	0.069          	0.065          	69.317         	13.495         	1.844          	
2005-09-28	Maize          	12.923         	1.988          	5.622          	3.560          	1.753          	0.5141         	348.72         	221.12         	118.46         	0.204          	0.0194         	0.1321         	0.035          	0.000          	167.085        	36.662         	0.982          	
2006-05-20	Triticale      	7.708          	1.214          	0.000          	0.000          	6.494          	0.0000         	156.49         	156.49         	158.08         	0.112          	0.0073         	0.0000         	0.000          	0.063          	0.000          	112.159        	0.000          	
2006-09-28	Soybean        	10.007         	1.205          	2.948          	0.000          	5.854          	0.3349         	283.39         	272.13         	118.47         	0.286          	0.0119         	0.1496         	0.000          	0.000          	149.581        	136.654        	0.000          	
2007-05-08	RyeBioenergyBM 	5.401          	0.986          	0.000          	3.974          	0.442          	0.0000         	106.04         	106.04         	114.62         	0.090          	0.0060         	0.0000         	0.076          	0.052          	75.538         	14.375         	1.901          	
2007-09-17	Maize          	20.114         	2.751          	9.860          	5.027          	2.476          	0.5679         	379.48         	330.48         	114.22         	0.229          	0.0246         	0.1536         	0.034          	0.000          	187.979        	41.499         	0.684          	
2008-05-20	Triticale      	6.057          	1.063          	0.000          	0.000          	4.994          	0.0000         	112.90         	112.90         	143.73         	0.095          	0.0063         	0.0000         	0.000          	0.076          	0.000          	94.586         	0.000          	
2008-09-28	Soybean        	9.324          	1.156          	2.726          	0.000          	5.441          	0.3338         	291.17         	262.29         	126.77         	0.274          	0.0115         	0.1429         	0.000          	0.000          	142.856        	131.339        	0.000          	
2009-05-08	RyeBioenergyBM 	4.679          	1.021          	0.000          	3.292          	0.366          	0.0000         	87.15          	87.15          	117.91         	0.083          	0.0060         	0.0000         	0.069          	0.053          	69.120         	13.669         	2.100          	
2009-09-28	Maize          	22.808         	2.996          	11.392         	5.642          	2.779          	0.5750         	337.75         	337.75         	146.35         	0.258          	0.0272         	0.1737         	0.038          	0.000          	211.769        	45.990         	0.675          	
2010-05-20	Triticale      	7.625          	1.335          	0.000          	0.000          	6.290          	0.0000         	163.03         	163.03         	121.42         	0.099          	0.0071         	0.0000         	0.000          	0.096          	0.000          	98.577         	0.000          	
2010-09-28	Soybean        	10.011         	1.237          	2.938          	0.000          	5.836          	0.3348         	309.79         	295.44         	92.95          	0.289          	0.0122         	0.1508         	0.000          	0.000          	150.764        	138.031        	0.000          	
2011-05-08	RyeBioenergyBM 	4.637          	0.998          	0.000          	3.275          	0.364          	0.0000         	86.52          	86.52          	108.07         	0.080          	0.0058         	0.0000         	0.067          	0.055          	66.604         	13.229         	2.034          	
2011-09-24	Maize          	19.731         	2.500          	10.475         	4.527          	2.230          	0.6079         	370.17         	317.53         	145.99         	0.248          	0.0233         	0.1733         	0.035          	0.000          	207.810        	40.301         	0.763          	
2012-05-20	Triticale      	8.871          	1.174          	0.000          	0.000          	7.697          	0.0000         	167.55         	167.55         	155.34         	0.118          	0.0069         	0.0000         	0.000          	0.097          	0.000          	117.979        	0.000          	
2012-09-26	Soybean        	10.560         	1.276          	3.129          	0.000          	6.154          	0.3371         	297.36         	297.36         	103.88         	0.298          	0.0126         	0.1565         	0.000          	0.000          	156.524        	141.727        	0.000          	
