DATE      	CROP           	TOTAL BIOMASS  	ROOT BIOMASS   	GRAIN YIELD    	FORAGE YIELD   	AG RESIDUE     	HARVEST INDEX  	POTENTIAL TR   	ACTUAL TR      	SOIL EVAP      	TOTAL N        	ROOT N         	GRAIN N        	FORAGE N       	CUM. N STRESS  	N IN HARVEST   	N IN RESIDUE   	N CONCN FORAGE 
YYYY-MM-DD	-              	Mg/ha          	Mg/ha          	Mg/ha          	Mg/ha          	Mg/ha          	Mg/Mg          	mm             	mm             	mm             	Mg/ha          	Mg/ha          	Mg/ha          	Mg/ha          	-              	kg/ha          	kg/ha          	%              
1984-09-17	Soybean        	8.924          	1.113          	2.591          	0.000          	5.220          	0.3317         	245.88         	245.88         	155.15         	0.267          	0.0112         	0.1385         	0.000          	0.000          	138.528        	128.757        	0.000          	
1985-09-13	Maize          	16.652         	2.613          	7.048          	0.000          	6.991          	0.5020         	331.85         	270.63         	136.29         	0.242          	0.0262         	0.1531         	0.000          	0.000          	153.102        	89.141         	0.000          	
1986-09-17	Soybean        	9.428          	1.211          	2.743          	0.000          	5.474          	0.3338         	262.25         	254.49         	115.85         	0.278          	0.0122         	0.1447         	0.000          	0.000          	144.691        	133.539        	0.000          	
1987-09-26	Maize          	20.559         	2.555          	10.328         	0.000          	7.677          	0.5736         	366.04         	336.10         	135.84         	0.268          	0.0248         	0.1831         	0.000          	0.000          	183.056        	84.866         	0.000          	
1988-10-06	Soybean        	9.555          	1.198          	2.802          	0.000          	5.555          	0.3353         	322.53         	291.69         	100.59         	0.276          	0.0119         	0.1440         	0.000          	0.000          	143.989        	131.795        	0.000          	
1989-09-24	Maize          	19.834         	2.600          	9.941          	0.000          	7.293          	0.5768         	331.69         	302.55         	118.94         	0.260          	0.0249         	0.1777         	0.000          	0.000          	177.712        	82.722         	0.000          	
1990-09-18	Soybean        	9.425          	1.170          	2.752          	0.000          	5.503          	0.3334         	254.66         	254.66         	133.15         	0.279          	0.0117         	0.1455         	0.000          	0.000          	145.493        	134.006        	0.000          	
1991-09-21	Maize          	17.037         	2.337          	8.163          	0.000          	6.538          	0.5553         	377.48         	291.53         	84.11          	0.255          	0.0230         	0.1725         	0.000          	0.000          	172.474        	82.848         	0.000          	
1992-09-25	Soybean        	9.974          	1.220          	2.970          	0.000          	5.784          	0.3392         	249.18         	249.18         	119.43         	0.289          	0.0122         	0.1525         	0.000          	0.000          	152.517        	136.614        	0.000          	
1993-09-30	Maize          	17.659         	2.396          	8.940          	0.000          	6.323          	0.5857         	356.67         	284.96         	114.81         	0.251          	0.0229         	0.1735         	0.000          	0.000          	173.488        	77.849         	0.000          	
1994-09-29	Soybean        	10.630         	1.206          	3.198          	0.000          	6.225          	0.3394         	274.18         	274.18         	134.25         	0.300          	0.0119         	0.1586         	0.000          	0.000          	158.550        	141.102        	0.000          	
1995-09-11	Maize          	14.747         	2.297          	6.401          	0.000          	6.050          	0.5141         	335.57         	246.42         	112.38         	0.242          	0.0230         	0.1572         	0.000          	0.000          	157.211        	85.131         	0.000          	
1996-09-24	Soybean        	10.538         	1.264          	3.109          	0.000          	6.165          	0.3352         	275.10         	275.10         	152.15         	0.298          	0.0125         	0.1556         	0.000          	0.000          	155.569        	142.034        	0.000          	
1997-10-02	Maize          	20.374         	2.577          	10.518         	0.000          	7.279          	0.5910         	370.48         	327.60         	134.62         	0.266          	0.0241         	0.1843         	0.000          	0.000          	184.257        	81.665         	0.000          	
1998-09-27	Soybean        	9.660          	1.175          	2.828          	0.000          	5.657          	0.3333         	292.25         	273.93         	125.21         	0.280          	0.0116         	0.1457         	0.000          	0.000          	145.726        	134.154        	0.000          	
1999-09-28	Maize          	19.813         	2.656          	9.615          	0.000          	7.542          	0.5604         	408.42         	339.30         	112.24         	0.270          	0.0262         	0.1818         	0.000          	0.000          	181.828        	88.297         	0.000          	
2000-09-29	Soybean        	9.728          	1.211          	2.839          	0.000          	5.679          	0.3333         	254.62         	244.60         	131.85         	0.282          	0.0120         	0.1467         	0.000          	0.000          	146.716        	135.420        	0.000          	
2001-10-01	Maize          	17.438         	2.558          	8.165          	0.000          	6.715          	0.5487         	374.07         	281.14         	131.17         	0.259          	0.0253         	0.1728         	0.000          	0.000          	172.821        	86.483         	0.000          	
2002-09-26	Soybean        	6.988          	1.079          	1.837          	0.000          	4.072          	0.3109         	320.94         	205.22         	120.70         	0.209          	0.0106         	0.1016         	0.000          	0.000          	101.598        	107.125        	0.000          	
2003-10-01	Maize          	21.650         	2.704          	11.023         	0.000          	7.924          	0.5818         	326.33         	326.33         	137.04         	0.268          	0.0258         	0.1837         	0.000          	0.000          	183.720        	84.676         	0.000          	
2004-09-29	Soybean        	10.516         	1.249          	3.140          	0.000          	6.126          	0.3389         	258.45         	258.45         	143.49         	0.297          	0.0123         	0.1565         	0.000          	0.000          	156.512        	140.189        	0.000          	
2005-09-27	Maize          	15.838         	2.381          	7.038          	0.000          	6.419          	0.5230         	376.18         	273.25         	112.05         	0.245          	0.0231         	0.1604         	0.000          	0.000          	160.446        	84.703         	0.000          	
2006-09-28	Soybean        	9.873          	1.197          	2.900          	0.000          	5.775          	0.3343         	283.33         	268.17         	141.73         	0.284          	0.0118         	0.1480         	0.000          	0.000          	148.013        	135.671        	0.000          	
2007-09-17	Maize          	20.649         	2.815          	10.150         	0.000          	7.684          	0.5691         	380.67         	339.65         	116.87         	0.273          	0.0278         	0.1842         	0.000          	0.000          	184.223        	89.049         	0.000          	
2008-09-30	Soybean        	9.309          	1.153          	2.721          	0.000          	5.434          	0.3337         	292.58         	259.85         	137.74         	0.274          	0.0114         	0.1427         	0.000          	0.000          	142.668        	131.165        	0.000          	
2009-10-02	Maize          	23.085         	2.995          	11.669         	0.000          	8.420          	0.5809         	340.76         	340.76         	134.52         	0.291          	0.0292         	0.1978         	0.000          	0.000          	197.817        	92.793         	0.000          	
2010-09-30	Soybean        	10.011         	1.237          	2.938          	0.000          	5.836          	0.3348         	311.70         	295.91         	107.48         	0.289          	0.0122         	0.1509         	0.000          	0.000          	150.920        	138.132        	0.000          	
2011-09-23	Maize          	19.644         	2.500          	10.432         	0.000          	6.712          	0.6085         	369.39         	318.05         	130.51         	0.277          	0.0247         	0.1947         	0.000          	0.000          	194.715        	82.529         	0.000          	
2012-09-26	Soybean        	10.544         	1.274          	3.125          	0.000          	6.145          	0.3371         	297.15         	296.90         	125.65         	0.299          	0.0126         	0.1568         	0.000          	0.000          	156.820        	141.919        	0.000          	
