DATE      	CROP           	TOTAL BIOMASS  	ROOT BIOMASS   	GRAIN YIELD    	FORAGE YIELD   	AG RESIDUE     	HARVEST INDEX  	POTENTIAL TR   	ACTUAL TR      	SOIL EVAP      	TOTAL N        	ROOT N         	GRAIN N        	FORAGE N       	CUM. N STRESS  	N IN HARVEST   	N IN RESIDUE   	N CONCN FORAGE 
YYYY-MM-DD	-              	Mg/ha          	Mg/ha          	Mg/ha          	Mg/ha          	Mg/ha          	Mg/Mg          	mm             	mm             	mm             	Mg/ha          	Mg/ha          	Mg/ha          	Mg/ha          	-              	kg/ha          	kg/ha          	%              
1984-09-17	Maize          	21.077         	2.710          	10.519         	5.258          	2.590          	0.5727         	338.63         	338.63         	152.70         	0.216          	0.0227         	0.1453         	0.032          	0.000          	177.290        	38.525         	0.609          	
1985-05-20	Triticale      	8.619          	1.292          	0.000          	0.000          	7.327          	0.0000         	184.00         	184.00         	120.43         	0.114          	0.0075         	0.0000         	0.000          	0.086          	0.000          	113.952        	0.000          	
1985-09-13	Soybean        	8.546          	1.185          	2.366          	0.000          	4.995          	0.3214         	253.36         	240.46         	97.05          	0.260          	0.0120         	0.1308         	0.000          	0.000          	130.842        	129.269        	0.000          	
1986-05-08	RyeBioenergyBM 	5.960          	1.149          	0.000          	4.330          	0.481          	0.0000         	122.18         	122.18         	120.30         	0.094          	0.0067         	0.0000         	0.079          	0.059          	78.935         	15.496         	1.823          	
1986-09-17	Maize          	18.543         	2.757          	8.712          	4.739          	2.334          	0.5519         	341.46         	294.10         	127.93         	0.239          	0.0261         	0.1576         	0.037          	0.000          	194.586        	44.369         	0.781          	
1987-05-20	Triticale      	7.245          	1.272          	0.000          	0.000          	5.972          	0.0000         	144.04         	144.04         	170.75         	0.110          	0.0076         	0.0000         	0.000          	0.045          	0.000          	110.123        	0.000          	
1987-09-26	Soybean        	10.030         	1.182          	2.952          	0.000          	5.896          	0.3336         	287.18         	283.99         	124.13         	0.288          	0.0117         	0.1500         	0.000          	0.000          	149.962        	137.667        	0.000          	
1988-05-08	RyeBioenergyBM 	4.902          	1.057          	0.000          	3.460          	0.384          	0.0000         	87.71          	87.71          	124.64         	0.088          	0.0065         	0.0000         	0.073          	0.032          	73.495         	14.618         	2.124          	
1988-09-28	Maize          	16.403         	2.291          	8.065          	4.052          	1.996          	0.5715         	373.17         	292.85         	133.32         	0.229          	0.0195         	0.1574         	0.035          	0.008          	192.294        	36.689         	0.860          	
1989-05-20	Triticale      	6.461          	1.205          	0.000          	0.000          	5.256          	0.0000         	112.49         	112.49         	158.22         	0.115          	0.0078         	0.0000         	0.000          	0.015          	0.000          	115.425        	0.000          	
1989-09-24	Soybean        	9.356          	1.158          	2.739          	0.000          	5.459          	0.3341         	255.83         	244.06         	112.39         	0.278          	0.0115         	0.1449         	0.000          	0.000          	144.924        	132.868        	0.000          	
1990-05-08	RyeBioenergyBM 	5.991          	1.105          	0.000          	4.398          	0.489          	0.0000         	111.08         	111.08         	126.61         	0.101          	0.0068         	0.0000         	0.084          	0.047          	84.345         	16.201         	1.918          	
1990-09-18	Maize          	20.416         	2.677          	10.206         	5.048          	2.486          	0.5753         	321.94         	321.94         	155.03         	0.258          	0.0249         	0.1753         	0.038          	0.000          	213.730        	43.816         	0.760          	
1991-05-20	Triticale      	8.949          	1.303          	0.000          	0.000          	7.645          	0.0000         	168.97         	168.97         	149.68         	0.120          	0.0080         	0.0000         	0.000          	0.078          	0.000          	120.329        	0.000          	
1991-09-21	Soybean        	8.149          	1.038          	2.328          	0.000          	4.782          	0.3274         	278.38         	240.31         	80.64          	0.250          	0.0103         	0.1281         	0.000          	0.000          	128.148        	121.501        	0.000          	
1992-05-08	RyeBioenergyBM 	5.223          	0.973          	0.000          	3.825          	0.425          	0.0000         	83.72          	83.72          	122.58         	0.095          	0.0060         	0.0000         	0.080          	0.029          	79.794         	14.896         	2.086          	
1992-09-25	Maize          	21.399         	2.801          	10.931         	5.137          	2.530          	0.5877         	317.82         	317.82         	127.42         	0.259          	0.0259         	0.1775         	0.037          	0.000          	215.004        	44.337         	0.730          	
1993-05-20	Triticale      	5.593          	1.153          	0.000          	0.000          	4.440          	0.0000         	125.36         	125.36         	140.69         	0.091          	0.0066         	0.0000         	0.000          	0.068          	0.000          	90.934         	0.000          	
1993-09-28	Soybean        	9.034          	1.137          	2.655          	0.000          	5.242          	0.3362         	284.28         	251.31         	104.19         	0.263          	0.0113         	0.1379         	0.000          	0.000          	137.853        	125.507        	0.000          	
1994-05-08	RyeBioenergyBM 	4.315          	1.040          	0.000          	2.948          	0.328          	0.0000         	93.22          	93.22          	108.13         	0.072          	0.0057         	0.0000         	0.060          	0.077          	59.991         	12.401         	2.035          	
1994-09-28	Maize          	22.653         	2.733          	11.912         	5.365          	2.642          	0.5980         	344.43         	344.43         	146.30         	0.274          	0.0252         	0.1905         	0.039          	0.000          	229.518        	44.442         	0.728          	
1995-05-20	Triticale      	7.561          	1.143          	0.000          	0.000          	6.418          	0.0000         	136.29         	136.29         	143.99         	0.111          	0.0067         	0.0000         	0.000          	0.061          	0.000          	110.967        	0.000          	
1995-09-11	Soybean        	6.854          	0.996          	1.855          	0.000          	4.003          	0.3167         	258.22         	201.70         	94.54          	0.224          	0.0100         	0.1115         	0.000          	0.000          	111.520        	112.598        	0.000          	
1996-05-08	RyeBioenergyBM 	4.405          	1.066          	0.000          	3.006          	0.334          	0.0000         	86.03          	86.03          	139.21         	0.084          	0.0066         	0.0000         	0.070          	0.040          	69.809         	14.326         	2.323          	
1996-09-25	Maize          	22.857         	2.847          	11.755         	5.531          	2.724          	0.5874         	350.08         	350.08         	154.15         	0.258          	0.0259         	0.1766         	0.037          	0.000          	213.975        	44.258         	0.675          	
1997-05-20	Triticale      	7.270          	1.256          	0.000          	0.000          	6.014          	0.0000         	140.56         	140.56         	150.44         	0.100          	0.0069         	0.0000         	0.000          	0.065          	0.000          	100.260        	0.000          	
1997-09-28	Soybean        	10.248         	1.262          	2.992          	0.000          	5.994          	0.3330         	295.72         	286.18         	102.16         	0.289          	0.0126         	0.1498         	0.000          	0.000          	149.834        	138.872        	0.000          	
1998-05-08	RyeBioenergyBM 	5.608          	1.050          	0.000          	4.102          	0.456          	0.0000         	104.98         	104.98         	118.82         	0.096          	0.0064         	0.0000         	0.080          	0.066          	80.248         	15.270         	1.956          	
1998-09-25	Maize          	19.413         	2.591          	9.463          	4.930          	2.428          	0.5625         	369.09         	318.16         	115.56         	0.256          	0.0250         	0.1725         	0.039          	0.000          	211.699        	44.342         	0.795          	
1999-05-20	Triticale      	9.019          	1.303          	0.000          	0.000          	7.715          	0.0000         	176.63         	176.63         	121.25         	0.114          	0.0073         	0.0000         	0.000          	0.101          	0.000          	114.123        	0.000          	
1999-09-28	Soybean        	9.216          	1.166          	2.647          	0.000          	5.403          	0.3288         	316.64         	271.12         	100.08         	0.264          	0.0116         	0.1357         	0.000          	0.000          	135.721        	128.487        	0.000          	
2000-05-08	RyeBioenergyBM 	6.405          	1.049          	0.914          	3.998          	0.444          	0.1707         	119.96         	119.96         	127.91         	0.101          	0.0063         	0.0265         	0.061          	0.056          	87.467         	13.055         	1.524          	
2000-09-28	Maize          	18.880         	2.652          	9.085          	4.786          	2.357          	0.5598         	323.71         	279.53         	141.27         	0.238          	0.0236         	0.1595         	0.037          	0.000          	196.037        	41.572         	0.764          	
2001-05-20	Triticale      	6.470          	1.159          	0.000          	0.000          	5.311          	0.0000         	128.93         	128.93         	146.54         	0.108          	0.0072         	0.0000         	0.000          	0.032          	0.000          	107.714        	0.000          	
2001-09-28	Soybean        	8.248          	1.150          	2.296          	0.000          	4.801          	0.3235         	298.80         	232.34         	119.51         	0.246          	0.0114         	0.1245         	0.000          	0.000          	124.547        	121.808        	0.000          	
2002-05-08	RyeBioenergyBM 	7.366          	1.081          	1.501          	4.305          	0.478          	0.2389         	139.22         	139.22         	115.95         	0.108          	0.0067         	0.0407         	0.054          	0.075          	95.119         	12.789         	1.265          	
2002-09-27	Maize          	13.154         	2.256          	5.278          	3.766          	1.855          	0.4842         	389.22         	224.06         	143.96         	0.204          	0.0222         	0.1268         	0.037          	0.000          	163.968        	40.530         	0.987          	
2003-05-20	Triticale      	6.551          	1.388          	0.000          	0.000          	5.163          	0.0000         	122.42         	122.42         	137.62         	0.119          	0.0092         	0.0000         	0.000          	0.014          	0.000          	118.677        	0.000          	
2003-09-28	Soybean        	9.841          	1.183          	2.896          	0.000          	5.762          	0.3345         	251.57         	251.57         	109.93         	0.286          	0.0117         	0.1496         	0.000          	0.000          	149.561        	136.739        	0.000          	
2004-05-08	RyeBioenergyBM 	5.290          	1.000          	0.000          	3.861          	0.429          	0.0000         	97.88          	97.88          	107.88         	0.093          	0.0062         	0.0000         	0.078          	0.049          	78.337         	14.914         	2.029          	
2004-09-26	Maize          	22.831         	2.899          	11.850         	5.415          	2.667          	0.5945         	330.77         	330.77         	163.65         	0.277          	0.0273         	0.1907         	0.039          	0.000          	230.136        	46.699         	0.729          	
2005-05-20	Triticale      	7.317          	1.234          	0.000          	0.000          	6.083          	0.0000         	144.67         	144.60         	131.28         	0.104          	0.0071         	0.0000         	0.000          	0.063          	0.000          	104.461        	0.000          	
2005-09-27	Soybean        	6.378          	0.896          	1.746          	0.000          	3.737          	0.3184         	278.63         	188.82         	91.72          	0.201          	0.0088         	0.1004         	0.000          	0.000          	100.406        	100.298        	0.000          	
2006-05-08	RyeBioenergyBM 	5.891          	1.059          	0.000          	4.348          	0.483          	0.0000         	128.19         	128.19         	138.77         	0.089          	0.0062         	0.0000         	0.075          	0.070          	74.773         	14.497         	1.720          	
2006-09-28	Maize          	19.351         	2.558          	9.509          	4.881          	2.404          	0.5662         	346.06         	306.20         	157.42         	0.254          	0.0250         	0.1718         	0.039          	0.000          	210.429        	44.030         	0.791          	
2007-05-20	Triticale      	7.523          	1.156          	0.000          	0.000          	6.368          	0.0000         	148.43         	148.43         	148.00         	0.116          	0.0071         	0.0000         	0.000          	0.042          	0.000          	115.682        	0.000          	
2007-09-17	Soybean        	9.796          	1.270          	2.800          	0.000          	5.726          	0.3284         	294.71         	278.86         	105.29         	0.280          	0.0128         	0.1435         	0.000          	0.000          	143.504        	136.638        	0.000          	
2008-05-08	RyeBioenergyBM 	5.175          	1.012          	0.000          	3.747          	0.416          	0.0000         	87.27          	87.27          	123.74         	0.099          	0.0066         	0.0000         	0.083          	0.036          	82.722         	15.823         	2.208          	
2008-09-28	Maize          	17.936         	2.537          	8.429          	4.670          	2.300          	0.5474         	362.95         	291.39         	145.31         	0.251          	0.0251         	0.1670         	0.040          	0.000          	206.755        	44.709         	0.851          	
2009-05-20	Triticale      	7.114          	1.274          	0.000          	0.000          	5.840          	0.0000         	126.54         	126.54         	146.28         	0.114          	0.0077         	0.0000         	0.000          	0.030          	0.000          	113.978        	0.000          	
2009-09-28	Soybean        	10.550         	1.318          	3.074          	0.000          	6.158          	0.3330         	269.02         	269.02         	109.66         	0.296          	0.0131         	0.1537         	0.000          	0.000          	153.671        	142.600        	0.000          	
2010-05-08	RyeBioenergyBM 	6.301          	1.224          	0.000          	4.569          	0.508          	0.0000         	131.11         	131.11         	96.23          	0.097          	0.0070         	0.0000         	0.081          	0.069          	81.129         	16.050         	1.776          	
2010-09-26	Maize          	17.726         	2.493          	8.498          	4.512          	2.222          	0.5579         	373.05         	301.59         	132.23         	0.254          	0.0230         	0.1720         	0.040          	0.000          	211.626        	42.483         	0.879          	
2011-05-20	Triticale      	6.781          	1.225          	0.000          	0.000          	5.556          	0.0000         	121.07         	121.07         	139.69         	0.109          	0.0075         	0.0000         	0.000          	0.045          	0.000          	109.486        	0.000          	
2011-09-28	Soybean        	9.731          	1.169          	2.890          	0.000          	5.672          	0.3376         	289.10         	271.73         	118.89         	0.277          	0.0115         	0.1455         	0.000          	0.000          	145.494        	131.230        	0.000          	
2012-05-08	RyeBioenergyBM 	7.385          	1.087          	1.390          	4.417          	0.491          	0.2207         	137.64         	137.64         	118.88         	0.109          	0.0065         	0.0379         	0.058          	0.078          	95.782         	12.951         	1.310          	
2012-09-22	Maize          	20.170         	2.614          	10.465         	4.752          	2.340          	0.5961         	370.04         	329.23         	160.11         	0.249          	0.0236         	0.1720         	0.035          	0.000          	207.500        	41.063         	0.746          	
