DATE      	CROP           	TOTAL BIOMASS  	ROOT BIOMASS   	GRAIN YIELD    	FORAGE YIELD   	AG RESIDUE     	HARVEST INDEX  	POTENTIAL TR   	ACTUAL TR      	SOIL EVAP      	TOTAL N        	ROOT N         	GRAIN N        	FORAGE N       	CUM. N STRESS  	N IN HARVEST   	N IN RESIDUE   	N CONCN FORAGE 
YYYY-MM-DD	-              	Mg/ha          	Mg/ha          	Mg/ha          	Mg/ha          	Mg/ha          	Mg/Mg          	mm             	mm             	mm             	Mg/ha          	Mg/ha          	Mg/ha          	Mg/ha          	-              	kg/ha          	kg/ha          	%              
1984-09-27	Maize          	21.819         	2.675          	11.228         	0.000          	7.916          	0.5865         	362.74         	357.45         	168.91         	0.199          	0.0208         	0.1352         	0.000          	0.022          	135.190        	63.527         	0.000          	
1985-05-11	RyeBioenergyBS 	0.548          	0.079          	0.101          	0.332          	0.037          	0.2146         	24.37          	24.37          	175.91         	0.014          	0.0004         	0.0048         	0.008          	0.466          	12.453         	1.269          	2.307          	
1985-09-26	Soybean        	10.650         	1.287          	3.133          	0.000          	6.230          	0.3346         	320.90         	304.21         	148.53         	0.296          	0.0127         	0.1543         	0.000          	0.000          	154.297        	141.625        	0.000          	
1986-04-28	RyeBioenergyBM 	3.501          	0.746          	0.000          	2.479          	0.275          	0.0000         	100.70         	100.70         	102.01         	0.049          	0.0037         	0.0000         	0.041          	0.143          	41.132         	8.238          	1.659          	
1986-09-24	Maize          	21.574         	2.747          	11.223         	0.000          	7.604          	0.5961         	387.04         	362.14         	109.52         	0.216          	0.0209         	0.1493         	0.000          	0.000          	149.268        	66.860         	0.000          	
1987-05-11	RyeBioenergyBS 	1.369          	0.307          	0.000          	0.956          	0.106          	0.0000         	58.01          	58.01          	159.06         	0.021          	0.0014         	0.0000         	0.018          	0.286          	17.868         	3.419          	1.869          	
1987-09-27	Soybean        	8.622          	1.077          	2.463          	0.000          	5.081          	0.3265         	308.24         	259.74         	122.60         	0.256          	0.0106         	0.1308         	0.000          	0.000          	130.816        	124.719        	0.000          	
1988-04-28	RyeBioenergyBM 	2.854          	0.718          	0.000          	1.922          	0.214          	0.0000         	74.85          	74.85          	129.14         	0.044          	0.0035         	0.0000         	0.037          	0.113          	36.591         	7.604          	1.904          	
1988-09-28	Maize          	17.677         	2.190          	9.462          	0.000          	6.025          	0.6110         	389.62         	307.03         	155.44         	0.200          	0.0167         	0.1413         	0.000          	0.000          	141.329        	58.370         	0.000          	
1989-05-11	RyeBioenergyBS 	1.710          	0.421          	0.000          	1.159          	0.129          	0.0000         	67.55          	67.55          	138.26         	0.026          	0.0019         	0.0000         	0.022          	0.230          	21.822         	4.373          	1.882          	
1989-09-25	Soybean        	9.523          	1.193          	2.746          	0.000          	5.585          	0.3296         	283.15         	256.72         	132.22         	0.279          	0.0117         	0.1441         	0.000          	0.000          	144.105        	135.358        	0.000          	
1990-04-28	RyeBioenergyBM 	3.863          	0.853          	0.000          	2.709          	0.301          	0.0000         	99.08          	99.08          	119.18         	0.054          	0.0043         	0.0000         	0.045          	0.124          	45.028         	9.303          	1.662          	
1990-09-18	Maize          	19.128         	2.483          	9.632          	0.000          	7.013          	0.5787         	355.02         	313.02         	139.16         	0.206          	0.0200         	0.1409         	0.000          	0.000          	140.890        	65.550         	0.000          	
1991-05-11	RyeBioenergyBS 	2.214          	0.420          	0.335          	1.313          	0.146          	0.1867         	77.47          	77.47          	170.19         	0.032          	0.0020         	0.0092         	0.018          	0.331          	27.561         	4.008          	1.398          	
1991-09-22	Soybean        	8.478          	1.077          	2.460          	0.000          	4.941          	0.3323         	335.02         	257.66         	97.77          	0.240          	0.0107         	0.1244         	0.000          	0.000          	124.415        	115.851        	0.000          	
1992-04-28	RyeBioenergyBM 	3.016          	0.716          	0.000          	2.070          	0.230          	0.0000         	67.69          	67.69          	120.05         	0.048          	0.0036         	0.0000         	0.040          	0.107          	39.538         	8.023          	1.911          	
1992-09-28	Maize          	22.273         	2.916          	11.359         	0.000          	7.998          	0.5868         	356.55         	355.04         	139.41         	0.211          	0.0229         	0.1431         	0.000          	0.015          	143.080        	68.121         	0.000          	
1993-05-11	RyeBioenergyBS 	0.842          	0.213          	0.000          	0.566          	0.063          	0.0000         	40.56          	40.56          	134.40         	0.015          	0.0010         	0.0000         	0.012          	0.284          	12.400         	2.406          	2.192          	
1993-09-25	Soybean        	9.883          	1.293          	2.778          	0.000          	5.812          	0.3235         	323.45         	286.07         	112.82         	0.282          	0.0128         	0.1427         	0.000          	0.000          	142.664        	139.250        	0.000          	
1994-04-28	RyeBioenergyBM 	2.915          	0.775          	0.000          	1.926          	0.214          	0.0000         	73.94          	73.94          	108.71         	0.046          	0.0038         	0.0000         	0.038          	0.095          	38.030         	8.000          	1.975          	
1994-09-26	Maize          	23.519         	2.830          	12.314         	0.000          	8.375          	0.5952         	371.45         	371.45         	136.35         	0.233          	0.0236         	0.1603         	0.000          	0.000          	160.278        	72.997         	0.000          	
1995-05-11	RyeBioenergyBS 	1.200          	0.214          	0.000          	0.888          	0.099          	0.0000         	49.25          	49.25          	159.29         	0.021          	0.0010         	0.0000         	0.018          	0.351          	17.952         	3.014          	2.022          	
1995-09-23	Soybean        	7.970          	1.018          	2.282          	0.000          	4.670          	0.3282         	284.78         	232.17         	128.40         	0.249          	0.0100         	0.1283         	0.000          	0.000          	128.315        	120.933        	0.000          	
1996-04-28	RyeBioenergyBM 	2.802          	0.784          	0.000          	1.816          	0.202          	0.0000         	69.31          	69.31          	126.39         	0.044          	0.0037         	0.0000         	0.036          	0.091          	36.458         	7.771          	2.007          	
1996-09-22	Maize          	22.957         	2.857          	11.685         	0.000          	8.415          	0.5814         	359.90         	352.73         	151.24         	0.219          	0.0227         	0.1483         	0.000          	0.005          	148.256        	70.283         	0.000          	
1997-05-11	RyeBioenergyBS 	1.033          	0.214          	0.000          	0.738          	0.082          	0.0000         	46.51          	46.51          	156.06         	0.017          	0.0010         	0.0000         	0.014          	0.351          	14.499         	2.591          	1.965          	
1997-09-28	Soybean        	9.945          	1.220          	2.911          	0.000          	5.813          	0.3337         	321.30         	290.12         	124.70         	0.277          	0.0121         	0.1442         	0.000          	0.000          	144.176        	133.154        	0.000          	
1998-04-28	RyeBioenergyBM 	4.268          	0.875          	0.000          	3.054          	0.339          	0.0000         	104.23         	104.23         	114.49         	0.059          	0.0044         	0.0000         	0.049          	0.146          	48.961         	9.796          	1.603          	
1998-09-21	Maize          	22.699         	2.770          	11.677         	0.000          	8.253          	0.5859         	388.78         	373.52         	126.68         	0.216          	0.0220         	0.1476         	0.000          	0.002          	147.588        	68.770         	0.000          	
1999-05-11	RyeBioenergyBS 	1.656          	0.303          	0.235          	1.006          	0.112          	0.1739         	61.90          	61.90          	156.58         	0.025          	0.0014         	0.0068         	0.015          	0.352          	22.051         	3.083          	1.513          	
1999-09-27	Soybean        	7.864          	0.989          	2.296          	0.000          	4.579          	0.3339         	348.96         	235.62         	126.16         	0.209          	0.0098         	0.1084         	0.000          	0.000          	108.415        	100.670        	0.000          	
2000-04-28	RyeBioenergyBM 	3.801          	0.766          	0.000          	2.732          	0.304          	0.0000         	104.69         	104.69         	123.07         	0.052          	0.0037         	0.0000         	0.043          	0.163          	43.232         	8.502          	1.583          	
2000-09-24	Maize          	21.515         	2.812          	10.579         	0.000          	8.124          	0.5656         	359.81         	333.14         	144.97         	0.196          	0.0209         	0.1309         	0.000          	0.019          	130.904        	64.955         	0.000          	
2001-05-11	RyeBioenergyBS 	1.233          	0.308          	0.000          	0.833          	0.093          	0.0000         	55.74          	55.74          	123.80         	0.019          	0.0014         	0.0000         	0.016          	0.260          	15.917         	3.173          	1.912          	
2001-09-27	Soybean        	10.126         	1.313          	2.855          	0.000          	5.958          	0.3239         	338.75         	296.08         	138.00         	0.284          	0.0130         	0.1439         	0.000          	0.000          	143.914        	140.207        	0.000          	
2002-04-28	RyeBioenergyBM 	4.079          	0.669          	0.524          	2.598          	0.289          	0.1536         	103.15         	103.15         	125.85         	0.062          	0.0036         	0.0146         	0.040          	0.195          	54.156         	7.950          	1.521          	
2002-09-28	Maize          	13.576         	2.142          	6.318          	0.000          	5.116          	0.5525         	440.80         	243.26         	137.68         	0.188          	0.0194         	0.1250         	0.000          	0.000          	125.042        	63.098         	0.000          	
2003-05-11	RyeBioenergyBS 	2.058          	0.552          	0.000          	1.356          	0.151          	0.0000         	69.94          	69.94          	139.17         	0.033          	0.0026         	0.0000         	0.028          	0.177          	27.776         	5.641          	2.049          	
2003-09-26	Soybean        	10.429         	1.238          	3.077          	0.000          	6.113          	0.3349         	286.88         	284.16         	144.50         	0.296          	0.0122         	0.1547         	0.000          	0.000          	154.730        	141.298        	0.000          	
2004-04-28	RyeBioenergyBM 	3.830          	0.852          	0.000          	2.680          	0.298          	0.0000         	87.44          	87.44          	104.12         	0.058          	0.0044         	0.0000         	0.048          	0.107          	48.453         	9.790          	1.808          	
2004-09-17	Maize          	23.250         	2.951          	11.890         	0.000          	8.409          	0.5858         	359.75         	359.75         	142.68         	0.236          	0.0250         	0.1598         	0.000          	0.000          	159.840        	75.683         	0.000          	
2005-05-11	RyeBioenergyBS 	1.371          	0.292          	0.000          	0.970          	0.108          	0.0000         	51.40          	51.40          	148.86         	0.023          	0.0014         	0.0000         	0.020          	0.282          	19.570         	3.566          	2.016          	
2005-09-23	Soybean        	9.854          	1.265          	2.831          	0.000          	5.757          	0.3297         	326.89         	292.22         	102.51         	0.284          	0.0125         	0.1465         	0.000          	0.000          	146.450        	138.026        	0.000          	
2006-04-28	RyeBioenergyBM 	4.266          	0.851          	0.000          	3.073          	0.341          	0.0000         	112.43         	112.43         	114.71         	0.058          	0.0043         	0.0000         	0.048          	0.144          	48.079         	9.596          	1.564          	
2006-09-25	Maize          	17.445         	2.490          	7.947          	0.000          	7.009          	0.5314         	384.64         	290.10         	140.99         	0.209          	0.0217         	0.1360         	0.000          	0.000          	136.041        	72.567         	0.000          	
2007-05-11	RyeBioenergyBS 	2.298          	0.441          	0.000          	1.671          	0.186          	0.0000         	79.92          	79.92          	145.71         	0.034          	0.0020         	0.0000         	0.029          	0.265          	28.566         	5.213          	1.709          	
2007-09-25	Soybean        	11.752         	1.432          	3.426          	0.000          	6.894          	0.3320         	356.00         	341.63         	129.05         	0.316          	0.0141         	0.1635         	0.000          	0.000          	163.523        	152.657        	0.000          	
2008-04-28	RyeBioenergyBM 	4.438          	0.971          	0.000          	3.121          	0.347          	0.0000         	101.13         	101.13         	109.47         	0.062          	0.0049         	0.0000         	0.052          	0.108          	51.658         	10.654         	1.655          	
2008-09-26	Maize          	20.027         	2.727          	9.740          	0.000          	7.560          	0.5630         	410.49         	333.67         	153.65         	0.209          	0.0230         	0.1390         	0.000          	0.000          	138.995        	70.090         	0.000          	
2009-05-11	RyeBioenergyBS 	1.842          	0.423          	0.000          	1.277          	0.142          	0.0000         	70.15          	70.15          	136.40         	0.027          	0.0019         	0.0000         	0.023          	0.252          	22.862         	4.420          	1.791          	
2009-09-24	Soybean        	11.961         	1.405          	3.535          	0.000          	7.021          	0.3349         	314.52         	313.89         	145.38         	0.323          	0.0138         	0.1683         	0.000          	0.000          	168.329        	154.268        	0.000          	
2010-04-28	RyeBioenergyBM 	4.720          	0.989          	0.000          	3.358          	0.373          	0.0000         	116.68         	116.68         	101.93         	0.067          	0.0051         	0.0000         	0.055          	0.128          	55.351         	11.282         	1.648          	
2010-09-22	Maize          	20.619         	2.712          	10.288         	0.000          	7.619          	0.5745         	422.82         	352.94         	110.58         	0.220          	0.0223         	0.1488         	0.000          	0.000          	148.831        	71.058         	0.000          	
2011-05-11	RyeBioenergyBS 	1.808          	0.425          	0.000          	1.244          	0.138          	0.0000         	66.65          	66.65          	153.69         	0.027          	0.0019         	0.0000         	0.023          	0.263          	22.656         	4.435          	1.821          	
2011-09-19	Soybean        	10.839         	1.303          	3.189          	0.000          	6.348          	0.3344         	334.56         	306.44         	129.32         	0.295          	0.0129         	0.1535         	0.000          	0.000          	153.506        	141.256        	0.000          	
2012-04-28	RyeBioenergyBM 	6.702          	1.120          	1.013          	4.112          	0.457          	0.1816         	150.97         	150.97         	114.89         	0.079          	0.0056         	0.0222         	0.046          	0.165          	68.473         	10.748         	1.126          	
2012-09-18	Maize          	18.724         	2.429          	9.840          	0.000          	6.455          	0.6038         	406.89         	307.66         	160.40         	0.200          	0.0201         	0.1384         	0.000          	0.000          	138.366        	61.721         	0.000          	
