DATE      	CROP           	TOTAL BIOMASS  	ROOT BIOMASS   	GRAIN YIELD    	FORAGE YIELD   	AG RESIDUE     	HARVEST INDEX  	POTENTIAL TR   	ACTUAL TR      	SOIL EVAP      	TOTAL N        	ROOT N         	GRAIN N        	FORAGE N       	CUM. N STRESS  	N IN HARVEST   	N IN RESIDUE   	N CONCN FORAGE 
YYYY-MM-DD	-              	Mg/ha          	Mg/ha          	Mg/ha          	Mg/ha          	Mg/ha          	Mg/Mg          	mm             	mm             	mm             	Mg/ha          	Mg/ha          	Mg/ha          	Mg/ha          	-              	kg/ha          	kg/ha          	%              
1984-09-05	Maize          	19.610         	2.500          	10.765         	4.251          	2.094          	0.6292         	378.61         	338.78         	185.17         	0.183          	0.0186         	0.1283         	0.024          	0.037          	152.395        	30.446         	0.567          	
1985-04-15	Triticale      	1.923          	0.446          	0.000          	0.000          	1.477          	0.0000         	65.17          	65.17          	148.86         	0.029          	0.0020         	0.0000         	0.000          	0.229          	0.000          	29.491         	0.000          	
1985-09-06	Soybean        	9.737          	1.249          	2.874          	0.000          	5.615          	0.3386         	365.06         	287.96         	147.64         	0.270          	0.0123         	0.1419         	0.000          	0.000          	141.858        	128.372        	0.000          	
1986-04-01	RyeBioenergyBM 	3.089          	0.734          	0.000          	2.120          	0.236          	0.0000         	57.96          	57.96          	100.94         	0.059          	0.0042         	0.0000         	0.049          	0.033          	49.327         	9.699          	2.326          	
1986-09-02	Maize          	14.872         	1.923          	8.057          	3.278          	1.615          	0.6222         	369.81         	259.87         	164.60         	0.181          	0.0162         	0.1281         	0.025          	0.000          	152.623        	28.267         	0.748          	
1987-04-15	Triticale      	2.153          	0.622          	0.000          	0.000          	1.532          	0.0000         	56.13          	56.13          	136.98         	0.035          	0.0029         	0.0000         	0.000          	0.088          	0.000          	34.795         	0.000          	
1987-09-04	Soybean        	6.240          	1.005          	1.655          	0.000          	3.580          	0.3161         	326.82         	191.06         	160.31         	0.185          	0.0099         	0.0910         	0.000          	0.000          	91.034         	93.886         	0.000          	
1988-04-01	RyeBioenergyBM 	2.846          	0.794          	0.000          	1.847          	0.205          	0.0000         	52.44          	52.44          	117.42         	0.054          	0.0045         	0.0000         	0.044          	0.034          	44.430         	9.409          	2.405          	
1988-09-09	Maize          	13.890         	1.865          	7.562          	2.991          	1.473          	0.6288         	405.20         	245.27         	204.19         	0.173          	0.0166         	0.1221         	0.023          	0.000          	145.077        	27.925         	0.768          	
1989-04-15	Triticale      	2.454          	0.675          	0.000          	0.000          	1.779          	0.0000         	65.64          	65.64          	145.19         	0.039          	0.0033         	0.0000         	0.000          	0.096          	0.000          	38.756         	0.000          	
1989-09-03	Soybean        	10.617         	1.232          	3.243          	0.000          	6.141          	0.3456         	292.04         	286.21         	154.94         	0.299          	0.0121         	0.1606         	0.000          	0.000          	160.594        	138.879        	0.000          	
1990-04-01	RyeBioenergyBM 	3.601          	0.881          	0.000          	2.448          	0.272          	0.0000         	74.78          	74.78          	106.09         	0.064          	0.0051         	0.0000         	0.053          	0.055          	53.424         	11.054         	2.183          	
1990-09-03	Maize          	20.206         	2.700          	10.642         	4.599          	2.265          	0.6079         	402.46         	335.48         	194.02         	0.195          	0.0217         	0.1337         	0.027          	0.000          	160.303        	34.809         	0.579          	
1991-04-15	Triticale      	2.869          	0.653          	0.000          	0.000          	2.216          	0.0000         	85.69          	85.69          	152.83         	0.039          	0.0031         	0.0000         	0.000          	0.177          	0.000          	39.327         	0.000          	
1991-09-03	Soybean        	8.368          	1.046          	2.505          	0.000          	4.818          	0.3421         	338.56         	259.82         	143.48         	0.240          	0.0103         	0.1275         	0.000          	0.000          	127.465        	112.732        	0.000          	
1992-04-01	RyeBioenergyBM 	2.959          	0.760          	0.000          	1.980          	0.220          	0.0000         	51.02          	51.02          	109.99         	0.056          	0.0043         	0.0000         	0.046          	0.040          	46.436         	9.493          	2.345          	
1992-09-07	Maize          	19.813         	2.645          	10.474         	4.485          	2.209          	0.6101         	389.08         	330.22         	172.51         	0.192          	0.0204         	0.1324         	0.026          	0.000          	158.655        	33.322         	0.585          	
1993-04-15	Triticale      	1.758          	0.509          	0.000          	0.000          	1.249          	0.0000         	43.11          	43.11          	139.34         	0.030          	0.0025         	0.0000         	0.000          	0.086          	0.000          	30.053         	0.000          	
1993-09-09	Soybean        	7.082          	0.997          	2.067          	0.000          	4.017          	0.3397         	388.13         	223.36         	161.61         	0.185          	0.0098         	0.0967         	0.000          	0.000          	96.741         	88.513         	0.000          	
1994-04-01	RyeBioenergyBM 	1.668          	0.556          	0.000          	1.001          	0.111          	0.0000         	26.60          	26.60          	111.72         	0.037          	0.0034         	0.0000         	0.031          	0.016          	30.563         	6.762          	3.054          	
1994-09-01	Maize          	17.228         	2.168          	9.492          	3.731          	1.838          	0.6303         	358.76         	283.61         	191.37         	0.191          	0.0171         	0.1355         	0.025          	0.004          	160.872        	29.635         	0.680          	
1995-04-15	Triticale      	3.280          	0.709          	0.000          	0.000          	2.572          	0.0000         	89.25          	89.25          	130.66         	0.044          	0.0034         	0.0000         	0.000          	0.132          	0.000          	44.176         	0.000          	
1995-09-07	Soybean        	8.024          	1.106          	2.356          	0.000          	4.561          	0.3406         	325.97         	233.78         	144.22         	0.240          	0.0109         	0.1264         	0.000          	0.000          	126.406        	113.241        	0.000          	
1996-04-01	RyeBioenergyBM 	1.679          	0.567          	0.000          	1.000          	0.111          	0.0000         	24.36          	24.36          	109.74         	0.041          	0.0037         	0.0000         	0.034          	0.006          	33.506         	7.401          	3.350          	
1996-09-03	Maize          	23.229         	2.864          	12.776         	5.084          	2.504          	0.6274         	388.76         	380.05         	181.52         	0.210          	0.0212         	0.1473         	0.028          	0.021          	175.157        	34.943         	0.547          	
1997-04-15	Triticale      	1.743          	0.489          	0.000          	0.000          	1.255          	0.0000         	52.65          	52.65          	163.73         	0.027          	0.0022         	0.0000         	0.000          	0.142          	0.000          	26.587         	0.000          	
1997-09-16	Soybean        	7.523          	1.031          	2.175          	0.000          	4.317          	0.3350         	356.31         	220.06         	172.67         	0.197          	0.0101         	0.1020         	0.000          	0.000          	101.998        	95.187         	0.000          	
1998-04-01	RyeBioenergyBM 	2.193          	0.644          	0.000          	1.394          	0.155          	0.0000         	48.58          	48.58          	105.23         	0.039          	0.0033         	0.0000         	0.032          	0.073          	32.001         	6.896          	2.296          	
1998-09-02	Maize          	17.270         	2.616          	8.648          	4.025          	1.982          	0.5901         	412.88         	291.47         	170.65         	0.193          	0.0217         	0.1303         	0.027          	0.000          	157.594        	35.180         	0.679          	
1999-04-15	Triticale      	2.058          	0.483          	0.000          	0.000          	1.575          	0.0000         	65.70          	65.70          	147.84         	0.030          	0.0022         	0.0000         	0.000          	0.194          	0.000          	29.980         	0.000          	
1999-09-09	Soybean        	7.515          	1.045          	2.151          	0.000          	4.319          	0.3324         	371.16         	245.94         	152.49         	0.214          	0.0103         	0.1104         	0.000          	0.000          	110.449        	103.593        	0.000          	
2000-04-01	RyeBioenergyBM 	3.822          	0.907          	0.000          	2.624          	0.292          	0.0000         	77.44          	77.44          	114.02         	0.062          	0.0048         	0.0000         	0.051          	0.055          	51.409         	10.556         	1.959          	
2000-09-05	Maize          	20.952         	2.621          	11.479         	4.590          	2.261          	0.6262         	382.31         	354.89         	174.01         	0.198          	0.0202         	0.1385         	0.026          	0.014          	164.772        	33.073         	0.572          	
2001-04-15	Triticale      	1.580          	0.511          	0.000          	0.000          	1.069          	0.0000         	41.77          	41.77          	125.40         	0.028          	0.0026         	0.0000         	0.000          	0.086          	0.000          	27.683         	0.000          	
2001-09-05	Soybean        	11.674         	1.422          	3.521          	0.000          	6.731          	0.3434         	348.72         	325.34         	114.05         	0.314          	0.0140         	0.1667         	0.000          	0.000          	166.705        	147.026        	0.000          	
2002-04-01	RyeBioenergyBM 	3.625          	0.737          	0.000          	2.599          	0.289          	0.0000         	68.38          	68.38          	94.94          	0.065          	0.0041         	0.0000         	0.055          	0.095          	54.646         	10.135         	2.102          	
2002-09-03	Maize          	14.610         	2.331          	7.124          	3.454          	1.701          	0.5801         	428.23         	249.32         	182.22         	0.190          	0.0215         	0.1277         	0.028          	0.000          	155.280        	35.114         	0.798          	
2003-04-15	Triticale      	1.590          	0.530          	0.000          	0.000          	1.060          	0.0000         	37.97          	37.97          	132.84         	0.031          	0.0029         	0.0000         	0.000          	0.058          	0.000          	31.056         	0.000          	
2003-09-06	Soybean        	10.829         	1.244          	3.316          	0.000          	6.270          	0.3459         	283.83         	282.71         	162.91         	0.301          	0.0122         	0.1615         	0.000          	0.000          	161.540        	139.545        	0.000          	
2004-04-01	RyeBioenergyBM 	2.742          	0.771          	0.000          	1.774          	0.197          	0.0000         	48.27          	48.27          	89.34          	0.056          	0.0045         	0.0000         	0.046          	0.028          	46.156         	9.616          	2.601          	
2004-08-26	Maize          	23.819         	2.840          	13.284         	5.155          	2.539          	0.6332         	365.18         	364.87         	176.16         	0.219          	0.0220         	0.1544         	0.029          	0.013          	183.061        	36.074         	0.556          	
2005-04-15	Triticale      	2.359          	0.603          	0.000          	0.000          	1.756          	0.0000         	63.42          	63.42          	141.77         	0.035          	0.0028         	0.0000         	0.000          	0.113          	0.000          	34.780         	0.000          	
2005-09-09	Soybean        	11.595         	1.381          	3.527          	0.000          	6.687          	0.3453         	342.34         	322.60         	144.84         	0.311          	0.0136         	0.1662         	0.000          	0.000          	166.201        	144.940        	0.000          	
2006-04-01	RyeBioenergyBM 	2.631          	0.716          	0.000          	1.724          	0.192          	0.0000         	52.35          	52.35          	88.19          	0.046          	0.0038         	0.0000         	0.038          	0.058          	38.213         	7.999          	2.216          	
2006-08-31	Maize          	21.543         	2.952          	11.396         	4.821          	2.375          	0.6129         	417.11         	363.31         	145.02         	0.222          	0.0242         	0.1527         	0.030          	0.000          	182.685        	38.999         	0.622          	
2007-04-15	Triticale      	2.126          	0.527          	0.000          	0.000          	1.599          	0.0000         	59.59          	59.59          	146.03         	0.034          	0.0025         	0.0000         	0.000          	0.150          	0.000          	34.397         	0.000          	
2007-09-07	Soybean        	9.430          	1.257          	2.759          	0.000          	5.414          	0.3376         	391.51         	294.20         	137.94         	0.266          	0.0123         	0.1393         	0.000          	0.000          	139.334        	126.949        	0.000          	
2008-04-01	RyeBioenergyBM 	2.942          	0.758          	0.000          	1.966          	0.218          	0.0000         	59.23          	59.22          	85.83          	0.049          	0.0038         	0.0000         	0.040          	0.071          	40.303         	8.316          	2.050          	
2008-09-01	Maize          	17.790         	2.654          	8.897          	4.180          	2.059          	0.5878         	437.77         	298.19         	164.99         	0.186          	0.0216         	0.1251         	0.026          	0.000          	151.492        	34.559         	0.632          	
2009-04-15	Triticale      	2.630          	0.685          	0.000          	0.000          	1.945          	0.0000         	65.31          	65.31          	138.92         	0.039          	0.0032         	0.0000         	0.000          	0.113          	0.000          	39.125         	0.000          	
2009-08-28	Soybean        	11.373         	1.407          	3.420          	0.000          	6.546          	0.3431         	324.75         	284.56         	139.73         	0.309          	0.0138         	0.1641         	0.000          	0.000          	164.059        	144.959        	0.000          	
2010-04-01	RyeBioenergyBM 	3.423          	0.957          	0.000          	2.220          	0.247          	0.0000         	55.86          	55.86          	97.69          	0.067          	0.0057         	0.0000         	0.055          	0.028          	55.374         	11.804         	2.495          	
2010-08-29	Maize          	17.280         	2.393          	9.009          	3.938          	1.940          	0.6052         	461.40         	292.99         	172.04         	0.205          	0.0225         	0.1405         	0.028          	0.000          	168.707        	36.396         	0.717          	
2011-04-15	Triticale      	2.907          	0.784          	0.000          	0.000          	2.123          	0.0000         	74.01          	74.01          	152.39         	0.042          	0.0037         	0.0000         	0.000          	0.112          	0.000          	41.763         	0.000          	
2011-08-25	Soybean        	8.484          	1.184          	2.451          	0.000          	4.848          	0.3358         	355.57         	234.66         	158.15         	0.236          	0.0116         	0.1224         	0.000          	0.000          	122.445        	113.287        	0.000          	
2012-04-01	RyeBioenergyBM 	6.121          	1.231          	0.000          	4.401          	0.489          	0.0000         	122.23         	122.23         	118.76         	0.079          	0.0062         	0.0000         	0.066          	0.102          	65.891         	13.500         	1.497          	
2012-08-26	Maize          	16.776         	2.436          	8.662          	3.804          	1.874          	0.6040         	434.00         	276.36         	191.01         	0.178          	0.0201         	0.1216         	0.025          	0.000          	146.133        	32.161         	0.644          	
