DATE      	CROP           	TOTAL BIOMASS  	ROOT BIOMASS   	GRAIN YIELD    	FORAGE YIELD   	AG RESIDUE     	HARVEST INDEX  	POTENTIAL TR   	ACTUAL TR      	SOIL EVAP      	TOTAL N        	ROOT N         	GRAIN N        	FORAGE N       	CUM. N STRESS  	N IN HARVEST   	N IN RESIDUE   	N CONCN FORAGE 
YYYY-MM-DD	-              	Mg/ha          	Mg/ha          	Mg/ha          	Mg/ha          	Mg/ha          	Mg/Mg          	mm             	mm             	mm             	Mg/ha          	Mg/ha          	Mg/ha          	Mg/ha          	-              	kg/ha          	kg/ha          	%              
1984-09-27	Maize          	21.819         	2.675          	11.228         	0.000          	7.916          	0.5865         	362.74         	357.45         	168.91         	0.199          	0.0208         	0.1352         	0.000          	0.022          	135.190        	63.527         	0.000          	
1985-05-10	Triticale      	0.550          	0.078          	0.000          	0.000          	0.472          	0.0000         	24.37          	24.36          	175.86         	0.014          	0.0004         	0.0000         	0.000          	0.460          	0.000          	13.536         	0.000          	
1985-09-26	Soybean        	10.666         	1.288          	3.137          	0.000          	6.241          	0.3345         	320.94         	304.72         	147.08         	0.296          	0.0127         	0.1545         	0.000          	0.000          	154.498        	141.854        	0.000          	
1986-04-27	Triticale      	3.517          	0.755          	0.000          	0.000          	2.762          	0.0000         	101.65         	101.65         	101.30         	0.050          	0.0037         	0.0000         	0.000          	0.135          	0.000          	50.206         	0.000          	
1986-09-24	Maize          	21.739         	2.772          	11.291         	0.000          	7.676          	0.5953         	388.21         	365.19         	100.08         	0.240          	0.0230         	0.1657         	0.000          	0.000          	165.713        	74.063         	0.000          	
1987-05-10	Triticale      	1.639          	0.372          	0.000          	0.000          	1.267          	0.0000         	67.50          	67.50          	152.80         	0.024          	0.0017         	0.0000         	0.000          	0.262          	0.000          	24.189         	0.000          	
1987-09-27	Soybean        	8.683          	1.083          	2.481          	0.000          	5.119          	0.3264         	308.29         	261.85         	118.76         	0.257          	0.0107         	0.1316         	0.000          	0.000          	131.603        	125.507        	0.000          	
1988-04-27	Triticale      	2.920          	0.736          	0.000          	0.000          	2.184          	0.0000         	75.62          	75.62          	128.12         	0.046          	0.0037         	0.0000         	0.000          	0.105          	0.000          	46.058         	0.000          	
1988-09-28	Maize          	17.787         	2.207          	9.514          	0.000          	6.066          	0.6107         	391.08         	309.01         	143.03         	0.219          	0.0178         	0.1552         	0.000          	0.000          	155.247        	63.623         	0.000          	
1989-05-10	Triticale      	2.041          	0.498          	0.000          	0.000          	1.543          	0.0000         	76.47          	76.47          	132.05         	0.030          	0.0023         	0.0000         	0.000          	0.209          	0.000          	29.988         	0.000          	
1989-09-25	Soybean        	9.527          	1.193          	2.747          	0.000          	5.587          	0.3296         	283.17         	256.83         	125.89         	0.280          	0.0117         	0.1442         	0.000          	0.000          	144.178        	135.408        	0.000          	
1990-04-27	Triticale      	3.908          	0.868          	0.000          	0.000          	3.041          	0.0000         	100.06         	100.06         	118.17         	0.056          	0.0044         	0.0000         	0.000          	0.114          	0.000          	56.201         	0.000          	
1990-09-18	Maize          	19.263         	2.502          	9.698          	0.000          	7.063          	0.5786         	355.73         	315.34         	122.70         	0.232          	0.0217         	0.1587         	0.000          	0.000          	158.728        	73.068         	0.000          	
1991-05-10	Triticale      	2.712          	0.517          	0.000          	0.000          	2.195          	0.0000         	94.06          	94.06          	156.96         	0.036          	0.0024         	0.0000         	0.000          	0.309          	0.000          	35.759         	0.000          	
1991-09-22	Soybean        	8.536          	1.084          	2.476          	0.000          	4.976          	0.3322         	336.05         	259.56         	94.09          	0.242          	0.0107         	0.1252         	0.000          	0.000          	125.164        	116.633        	0.000          	
1992-04-27	Triticale      	3.114          	0.742          	0.000          	0.000          	2.372          	0.0000         	68.79          	68.79          	118.31         	0.051          	0.0038         	0.0000         	0.000          	0.096          	0.000          	50.522         	0.000          	
1992-09-28	Maize          	22.595         	2.932          	11.576         	0.000          	8.086          	0.5887         	356.86         	356.09         	126.24         	0.238          	0.0253         	0.1621         	0.000          	0.000          	162.142        	76.256         	0.000          	
1993-05-10	Triticale      	0.976          	0.253          	0.000          	0.000          	0.723          	0.0000         	43.97          	43.97          	130.48         	0.017          	0.0012         	0.0000         	0.000          	0.257          	0.000          	17.080         	0.000          	
1993-09-25	Soybean        	9.923          	1.296          	2.792          	0.000          	5.836          	0.3236         	323.53         	287.25         	110.58         	0.283          	0.0128         	0.1432         	0.000          	0.000          	143.208        	139.682        	0.000          	
1994-04-27	Triticale      	2.946          	0.788          	0.000          	0.000          	2.158          	0.0000         	74.78          	74.78          	107.96         	0.048          	0.0039         	0.0000         	0.000          	0.086          	0.000          	47.625         	0.000          	
1994-09-26	Maize          	23.519         	2.830          	12.314         	0.000          	8.375          	0.5952         	371.45         	371.45         	126.68         	0.257          	0.0253         	0.1774         	0.000          	0.000          	177.404        	80.062         	0.000          	
1995-05-10	Triticale      	1.461          	0.269          	0.000          	0.000          	1.192          	0.0000         	56.20          	56.20          	155.81         	0.024          	0.0013         	0.0000         	0.000          	0.319          	0.000          	24.369         	0.000          	
1995-09-23	Soybean        	7.980          	1.018          	2.285          	0.000          	4.676          	0.3283         	284.80         	232.47         	127.21         	0.250          	0.0100         	0.1285         	0.000          	0.000          	128.505        	121.059        	0.000          	
1996-04-27	Triticale      	2.823          	0.796          	0.000          	0.000          	2.027          	0.0000         	70.25          	70.25          	125.43         	0.046          	0.0039         	0.0000         	0.000          	0.084          	0.000          	45.733         	0.000          	
1996-09-22	Maize          	23.075         	2.861          	11.769         	0.000          	8.445          	0.5822         	360.11         	352.92         	137.31         	0.241          	0.0246         	0.1642         	0.000          	0.000          	164.171        	77.207         	0.000          	
1997-05-10	Triticale      	1.202          	0.256          	0.000          	0.000          	0.946          	0.0000         	50.60          	50.60          	153.90         	0.020          	0.0012         	0.0000         	0.000          	0.321          	0.000          	19.717         	0.000          	
1997-09-28	Soybean        	9.965          	1.223          	2.917          	0.000          	5.825          	0.3337         	321.46         	290.77         	121.76         	0.278          	0.0122         	0.1445         	0.000          	0.000          	144.529        	133.481        	0.000          	
1998-04-27	Triticale      	4.365          	0.899          	0.000          	0.000          	3.466          	0.0000         	105.46         	105.46         	113.27         	0.061          	0.0045         	0.0000         	0.000          	0.137          	0.000          	61.422         	0.000          	
1998-09-21	Maize          	22.860         	2.778          	11.788         	0.000          	8.293          	0.5870         	388.82         	375.01         	111.22         	0.243          	0.0242         	0.1662         	0.000          	0.000          	166.205        	76.683         	0.000          	
1999-05-10	Triticale      	1.971          	0.371          	0.000          	0.000          	1.600          	0.0000         	69.00          	69.00          	152.52         	0.029          	0.0017         	0.0000         	0.000          	0.322          	0.000          	29.174         	0.000          	
1999-09-27	Soybean        	7.901          	0.994          	2.306          	0.000          	4.602          	0.3338         	349.35         	236.84         	120.22         	0.210          	0.0098         	0.1089         	0.000          	0.000          	108.949        	101.234        	0.000          	
2000-04-27	Triticale      	4.098          	0.817          	0.000          	0.000          	3.280          	0.0000         	108.46         	108.46         	119.31         	0.056          	0.0040         	0.0000         	0.000          	0.147          	0.000          	55.979         	0.000          	
2000-09-24	Maize          	22.025         	2.834          	10.944         	0.000          	8.248          	0.5703         	360.91         	335.14         	126.35         	0.219          	0.0231         	0.1472         	0.000          	0.000          	147.199        	71.953         	0.000          	
2001-05-10	Triticale      	1.431          	0.364          	0.000          	0.000          	1.067          	0.0000         	60.45          	60.45          	119.73         	0.022          	0.0017         	0.0000         	0.000          	0.236          	0.000          	21.864         	0.000          	
2001-09-27	Soybean        	10.171         	1.317          	2.871          	0.000          	5.983          	0.3242         	338.80         	297.49         	132.83         	0.285          	0.0130         	0.1446         	0.000          	0.000          	144.560        	140.611        	0.000          	
2002-04-27	Triticale      	4.271          	0.702          	0.000          	0.000          	3.569          	0.0000         	105.84         	105.84         	123.31         	0.065          	0.0038         	0.0000         	0.000          	0.181          	0.000          	65.157         	0.000          	
2002-09-28	Maize          	13.923         	2.190          	6.452          	0.000          	5.281          	0.5499         	442.24         	249.92         	115.09         	0.204          	0.0212         	0.1350         	0.000          	0.000          	135.026        	68.847         	0.000          	
2003-05-10	Triticale      	2.797          	0.730          	0.000          	0.000          	2.067          	0.0000         	81.72          	81.72          	128.31         	0.045          	0.0035         	0.0000         	0.000          	0.137          	0.000          	44.516         	0.000          	
2003-09-26	Soybean        	10.440         	1.240          	3.080          	0.000          	6.120          	0.3348         	286.93         	284.50         	133.24         	0.297          	0.0122         	0.1550         	0.000          	0.000          	155.019        	141.601        	0.000          	
2004-04-27	Triticale      	3.904          	0.872          	0.000          	0.000          	3.032          	0.0000         	88.38          	88.38          	103.08         	0.060          	0.0046         	0.0000         	0.000          	0.098          	0.000          	60.429         	0.000          	
2004-09-17	Maize          	23.250         	2.951          	11.890         	0.000          	8.409          	0.5858         	359.75         	359.75         	127.76         	0.266          	0.0274         	0.1809         	0.000          	0.000          	180.886        	84.734         	0.000          	
2005-05-10	Triticale      	1.875          	0.405          	0.000          	0.000          	1.470          	0.0000         	68.88          	68.88          	137.37         	0.028          	0.0018         	0.0000         	0.000          	0.253          	0.000          	28.180         	0.000          	
2005-09-23	Soybean        	9.863          	1.266          	2.835          	0.000          	5.763          	0.3297         	326.92         	292.48         	99.75          	0.285          	0.0125         	0.1466         	0.000          	0.000          	146.610        	138.129        	0.000          	
2006-04-27	Triticale      	4.360          	0.874          	0.000          	0.000          	3.486          	0.0000         	113.67         	113.67         	113.53         	0.060          	0.0045         	0.0000         	0.000          	0.132          	0.000          	60.347         	0.000          	
2006-09-25	Maize          	17.410         	2.487          	7.922          	0.000          	7.002          	0.5308         	384.67         	289.49         	121.35         	0.233          	0.0237         	0.1523         	0.000          	0.000          	152.281        	80.710         	0.000          	
2007-05-10	Triticale      	2.984          	0.574          	0.000          	0.000          	2.410          	0.0000         	99.61          	99.61          	130.74         	0.041          	0.0026         	0.0000         	0.000          	0.234          	0.000          	40.540         	0.000          	
2007-09-25	Soybean        	11.806         	1.436          	3.443          	0.000          	6.927          	0.3320         	356.05         	343.15         	123.25         	0.318          	0.0142         	0.1644         	0.000          	0.000          	164.352        	153.372        	0.000          	
2008-04-27	Triticale      	4.547          	0.996          	0.000          	0.000          	3.552          	0.0000         	102.00         	102.00         	108.30         	0.066          	0.0051         	0.0000         	0.000          	0.098          	0.000          	65.580         	0.000          	
2008-09-26	Maize          	20.209         	2.743          	9.835          	0.000          	7.631          	0.5631         	410.62         	336.75         	130.90         	0.235          	0.0251         	0.1570         	0.000          	0.000          	156.978        	78.279         	0.000          	
2009-05-10	Triticale      	2.294          	0.525          	0.000          	0.000          	1.769          	0.0000         	82.01          	82.01          	128.00         	0.032          	0.0023         	0.0000         	0.000          	0.224          	0.000          	32.241         	0.000          	
2009-09-24	Soybean        	11.970         	1.406          	3.537          	0.000          	7.026          	0.3348         	314.54         	314.12         	138.21         	0.323          	0.0139         	0.1686         	0.000          	0.000          	168.595        	154.542        	0.000          	
2010-04-27	Triticale      	4.857          	1.018          	0.000          	0.000          	3.839          	0.0000         	118.27         	118.27         	100.66         	0.070          	0.0054         	0.0000         	0.000          	0.118          	0.000          	69.834         	0.000          	
2010-09-22	Maize          	20.847         	2.740          	10.401         	0.000          	7.706          	0.5744         	423.74         	357.27         	100.69         	0.255          	0.0251         	0.1731         	0.000          	0.000          	173.123        	81.816         	0.000          	
2011-05-10	Triticale      	2.437          	0.574          	0.000          	0.000          	1.864          	0.0000         	85.36          	85.36          	136.43         	0.034          	0.0025         	0.0000         	0.000          	0.225          	0.000          	33.513         	0.000          	
2011-09-19	Soybean        	10.890         	1.309          	3.201          	0.000          	6.380          	0.3341         	334.64         	308.17         	121.54         	0.296          	0.0129         	0.1542         	0.000          	0.000          	154.187        	142.085        	0.000          	
2012-04-27	Triticale      	6.934          	1.156          	0.000          	0.000          	5.779          	0.0000         	152.66         	152.66         	113.26         	0.084          	0.0059         	0.0000         	0.000          	0.150          	0.000          	83.730         	0.000          	
2012-09-18	Maize          	19.118         	2.485          	10.022         	0.000          	6.611          	0.6025         	409.86         	314.75         	121.68         	0.227          	0.0222         	0.1573         	0.000          	0.000          	157.271        	69.743         	0.000          	
