DATE      	CROP           	TOTAL BIOMASS  	ROOT BIOMASS   	GRAIN YIELD    	FORAGE YIELD   	AG RESIDUE     	HARVEST INDEX  	POTENTIAL TR   	ACTUAL TR      	SOIL EVAP      	TOTAL N        	ROOT N         	GRAIN N        	FORAGE N       	CUM. N STRESS  	N IN HARVEST   	N IN RESIDUE   	N CONCN FORAGE 
YYYY-MM-DD	-              	Mg/ha          	Mg/ha          	Mg/ha          	Mg/ha          	Mg/ha          	Mg/Mg          	mm             	mm             	mm             	Mg/ha          	Mg/ha          	Mg/ha          	Mg/ha          	-              	kg/ha          	kg/ha          	%              
1984-09-05	Soybean        	10.544         	1.231          	3.245          	0.000          	6.069          	0.3484         	322.79         	303.88         	159.86         	0.296          	0.0121         	0.1595         	0.000          	0.000          	159.507        	136.260        	0.000          	
1985-04-01	RyeBioenergyBM 	5.069          	1.148          	0.000          	3.528          	0.392          	0.0000         	88.07          	88.07          	78.29          	0.084          	0.0064         	0.0000         	0.070          	0.035          	69.823         	14.152         	1.979          	
1985-09-01	Maize          	19.256         	2.691          	9.737          	0.000          	6.828          	0.5878         	435.34         	322.08         	127.86         	0.189          	0.0223         	0.1270         	0.000          	0.000          	127.002        	62.340         	0.000          	
1986-04-16	RyeBioenergyBS 	4.532          	0.917          	0.000          	3.253          	0.361          	0.0000         	87.79          	87.79          	93.33          	0.075          	0.0050         	0.0000         	0.063          	0.050          	62.779         	11.977         	1.930          	
1986-09-02	Soybean        	7.957          	0.966          	2.408          	0.000          	4.584          	0.3444         	311.29         	243.24         	137.85         	0.231          	0.0095         	0.1234         	0.000          	0.000          	123.358        	107.512        	0.000          	
1987-04-01	RyeBioenergyBM 	2.379          	0.717          	0.000          	1.495          	0.166          	0.0000         	40.00          	40.00          	108.62         	0.057          	0.0046         	0.0000         	0.047          	0.014          	47.337         	9.858          	3.165          	
1987-09-02	Maize          	12.224         	2.097          	5.458          	0.000          	4.669          	0.5390         	392.85         	215.38         	174.02         	0.189          	0.0206         	0.1236         	0.000          	0.000          	123.564        	65.703         	0.000          	
1988-04-16	RyeBioenergyBS 	5.099          	1.152          	0.000          	3.553          	0.395          	0.0000         	84.08          	84.08          	118.85         	0.095          	0.0072         	0.0000         	0.079          	0.017          	78.857         	15.950         	2.220          	
1988-09-10	Soybean        	7.332          	0.901          	2.235          	0.000          	4.196          	0.3475         	344.37         	226.01         	177.24         	0.189          	0.0089         	0.1009         	0.000          	0.000          	100.888        	87.754         	0.000          	
1989-04-01	RyeBioenergyBM 	2.777          	0.792          	0.000          	1.787          	0.199          	0.0000         	50.68          	50.68          	122.31         	0.064          	0.0052         	0.0000         	0.053          	0.017          	53.316         	11.156         	2.984          	
1989-09-03	Maize          	20.832         	2.648          	11.244         	0.000          	6.940          	0.6183         	357.77         	340.50         	176.92         	0.190          	0.0204         	0.1318         	0.000          	0.039          	131.788        	58.490         	0.000          	
1990-04-16	RyeBioenergyBS 	4.840          	1.032          	0.000          	3.427          	0.381          	0.0000         	98.76          	98.76          	94.81          	0.070          	0.0054         	0.0000         	0.058          	0.073          	57.706         	11.853         	1.684          	
1990-09-04	Soybean        	10.293         	1.263          	3.095          	0.000          	5.935          	0.3428         	338.27         	299.15         	168.28         	0.280          	0.0124         	0.1487         	0.000          	0.000          	148.681        	131.471        	0.000          	
1991-04-01	RyeBioenergyBM 	4.594          	1.025          	0.000          	3.212          	0.357          	0.0000         	74.29          	74.29          	115.59         	0.088          	0.0064         	0.0000         	0.073          	0.018          	73.125         	14.565         	2.277          	
1991-09-01	Maize          	15.401         	2.076          	8.230          	0.000          	5.095          	0.6176         	399.24         	275.22         	157.11         	0.193          	0.0178         	0.1362         	0.000          	0.000          	136.223        	57.215         	0.000          	
1992-04-16	RyeBioenergyBS 	5.020          	1.069          	0.000          	3.556          	0.395          	0.0000         	81.14          	81.14          	106.85         	0.082          	0.0058         	0.0000         	0.069          	0.032          	68.531         	13.437         	1.927          	
1992-09-11	Soybean        	10.245         	1.262          	3.096          	0.000          	5.887          	0.3446         	326.32         	294.32         	164.48         	0.285          	0.0124         	0.1521         	0.000          	0.000          	152.055        	133.055        	0.000          	
1993-04-01	RyeBioenergyBM 	2.149          	0.636          	0.000          	1.362          	0.151          	0.0000         	29.54          	29.54          	109.75         	0.064          	0.0048         	0.0000         	0.054          	0.001          	53.550         	10.750         	3.933          	
1993-09-07	Maize          	13.936         	2.161          	7.006          	0.000          	4.769          	0.5950         	460.83         	249.70         	182.71         	0.193          	0.0212         	0.1316         	0.000          	0.000          	131.609        	61.860         	0.000          	
1994-04-16	RyeBioenergyBS 	3.141          	0.901          	0.000          	2.016          	0.224          	0.0000         	55.47          	55.47          	117.92         	0.065          	0.0054         	0.0000         	0.054          	0.031          	53.731         	11.363         	2.665          	
1994-09-04	Soybean        	9.454          	1.112          	2.891          	0.000          	5.452          	0.3465         	303.75         	268.37         	159.21         	0.269          	0.0109         	0.1444         	0.000          	0.000          	144.437        	124.446        	0.000          	
1995-04-01	RyeBioenergyBM 	4.549          	0.956          	0.000          	3.234          	0.359          	0.0000         	70.31          	70.31          	106.26         	0.091          	0.0059         	0.0000         	0.077          	0.009          	76.570         	14.414         	2.368          	
1995-09-04	Maize          	15.497         	2.309          	7.941          	0.000          	5.247          	0.6021         	382.08         	259.97         	160.30         	0.196          	0.0209         	0.1344         	0.000          	0.000          	134.448        	61.537         	0.000          	
1996-04-16	RyeBioenergyBS 	2.885          	0.875          	0.000          	1.810          	0.201          	0.0000         	47.60          	47.60          	108.90         	0.060          	0.0051         	0.0000         	0.049          	0.021          	49.108         	10.549         	2.714          	
1996-09-05	Soybean        	11.784         	1.362          	3.620          	0.000          	6.802          	0.3474         	328.71         	328.45         	156.53         	0.319          	0.0134         	0.1712         	0.000          	0.000          	171.239        	147.361        	0.000          	
1997-04-01	RyeBioenergyBM 	3.395          	0.929          	0.000          	2.220          	0.247          	0.0000         	50.55          	50.55          	112.66         	0.074          	0.0058         	0.0000         	0.061          	0.012          	60.950         	12.574         	2.746          	
1997-09-17	Maize          	14.107         	2.099          	7.140          	0.000          	4.867          	0.5946         	423.02         	236.08         	192.20         	0.193          	0.0201         	0.1321         	0.000          	0.000          	132.127        	60.926         	0.000          	
1998-04-16	RyeBioenergyBS 	5.008          	1.150          	0.000          	3.473          	0.386          	0.0000         	89.86          	89.86          	101.31         	0.082          	0.0064         	0.0000         	0.069          	0.039          	68.520         	13.968         	1.973          	
1998-09-05	Soybean        	8.600          	1.181          	2.517          	0.000          	4.902          	0.3393         	335.77         	254.29         	160.92         	0.256          	0.0116         	0.1347         	0.000          	0.000          	134.690        	121.426        	0.000          	
1999-04-01	RyeBioenergyBM 	4.462          	1.035          	0.000          	3.085          	0.343          	0.0000         	72.62          	72.62          	88.61          	0.081          	0.0060         	0.0000         	0.068          	0.019          	67.622         	13.563         	2.192          	
1999-09-07	Maize          	13.077         	2.017          	6.429          	0.000          	4.631          	0.5813         	420.77         	247.20         	184.08         	0.195          	0.0191         	0.1329         	0.000          	0.000          	132.888        	61.757         	0.000          	
2000-04-16	RyeBioenergyBS 	6.499          	1.261          	0.000          	4.715          	0.524          	0.0000         	115.26         	115.26         	114.12         	0.098          	0.0069         	0.0000         	0.082          	0.037          	81.636         	15.990         	1.732          	
2000-09-06	Soybean        	10.660         	1.251          	3.268          	0.000          	6.141          	0.3474         	312.01         	303.94         	164.91         	0.297          	0.0123         	0.1599         	0.000          	0.000          	159.878        	137.383        	0.000          	
2001-04-01	RyeBioenergyBM 	1.711          	0.573          	0.000          	1.025          	0.114          	0.0000         	23.25          	23.25          	101.35         	0.062          	0.0051         	0.0000         	0.051          	0.000          	51.018         	10.810         	4.978          	
2001-09-03	Maize          	21.838         	2.888          	11.606         	0.000          	7.344          	0.6125         	398.79         	351.11         	133.49         	0.224          	0.0248         	0.1543         	0.000          	0.000          	154.254        	70.132         	0.000          	
2002-04-16	RyeBioenergyBS 	4.644          	0.722          	0.000          	3.530          	0.392          	0.0000         	78.31          	78.31          	105.54         	0.084          	0.0040         	0.0000         	0.072          	0.139          	72.119         	12.022         	2.043          	
2002-09-08	Soybean        	7.433          	1.064          	2.104          	0.000          	4.265          	0.3303         	349.76         	224.27         	177.89         	0.211          	0.0105         	0.1083         	0.000          	0.000          	108.285        	102.992        	0.000          	
2003-04-01	RyeBioenergyBM 	1.502          	0.528          	0.000          	0.877          	0.097          	0.0000         	23.31          	23.31          	108.47         	0.043          	0.0039         	0.0000         	0.035          	0.002          	34.871         	7.782          	3.977          	
2003-09-06	Maize          	21.605         	2.660          	11.794         	0.000          	7.151          	0.6225         	347.22         	329.24         	168.00         	0.204          	0.0216         	0.1420         	0.000          	0.004          	142.036        	62.192         	0.000          	
2004-04-16	RyeBioenergyBS 	3.872          	0.965          	0.000          	2.616          	0.291          	0.0000         	67.12          	67.12          	79.58          	0.067          	0.0053         	0.0000         	0.056          	0.041          	55.897         	11.477         	2.137          	
2004-08-28	Soybean        	11.527         	1.315          	3.556          	0.000          	6.656          	0.3482         	299.74         	299.74         	172.25         	0.314          	0.0129         	0.1694         	0.000          	0.000          	169.411        	144.905        	0.000          	
2005-04-01	RyeBioenergyBM 	3.087          	0.822          	0.000          	2.039          	0.227          	0.0000         	42.19          	42.19          	105.59         	0.087          	0.0063         	0.0000         	0.072          	0.000          	72.283         	14.319         	3.545          	
2005-09-08	Maize          	22.149         	2.810          	12.019         	0.000          	7.320          	0.6215         	400.82         	355.46         	155.61         	0.209          	0.0231         	0.1441         	0.000          	0.011          	144.113        	64.393         	0.000          	
2006-04-16	RyeBioenergyBS 	4.175          	0.961          	0.000          	2.893          	0.321          	0.0000         	87.40          	87.40          	88.79          	0.061          	0.0048         	0.0000         	0.051          	0.081          	50.759         	10.483         	1.754          	
2006-09-05	Soybean        	10.616         	1.360          	3.176          	0.000          	6.079          	0.3432         	352.89         	310.90         	129.70         	0.297          	0.0134         	0.1574         	0.000          	0.000          	157.405        	139.169        	0.000          	
2007-04-01	RyeBioenergyBM 	3.717          	0.897          	0.000          	2.538          	0.282          	0.0000         	60.23          	60.23          	99.46          	0.082          	0.0059         	0.0000         	0.068          	0.010          	68.121         	13.465         	2.684          	
2007-09-05	Maize          	17.403         	2.525          	8.820          	0.000          	6.058          	0.5928         	460.24         	309.02         	155.89         	0.204          	0.0229         	0.1384         	0.000          	0.000          	138.403        	65.843         	0.000          	
2008-04-16	RyeBioenergyBS 	4.877          	1.051          	0.000          	3.443          	0.383          	0.0000         	92.77          	92.76          	79.47          	0.067          	0.0051         	0.0000         	0.055          	0.082          	55.307         	11.200         	1.606          	
2008-09-05	Soybean        	8.856          	1.224          	2.587          	0.000          	5.045          	0.3390         	372.82         	262.87         	153.47         	0.253          	0.0121         	0.1327         	0.000          	0.000          	132.711        	120.421        	0.000          	
2009-04-01	RyeBioenergyBM 	3.755          	0.987          	0.000          	2.491          	0.277          	0.0000         	52.96          	52.96          	108.34         	0.084          	0.0064         	0.0000         	0.070          	0.004          	70.268         	14.209         	2.820          	
2009-08-29	Maize          	21.108         	2.887          	10.976         	0.000          	7.246          	0.6023         	383.08         	302.90         	163.82         	0.202          	0.0235         	0.1370         	0.000          	0.000          	136.963        	64.925         	0.000          	
2010-04-16	RyeBioenergyBS 	5.222          	1.218          	0.000          	3.604          	0.400          	0.0000         	106.16         	106.16         	87.22          	0.075          	0.0062         	0.0000         	0.062          	0.067          	62.341         	13.140         	1.730          	
2010-09-02	Soybean        	9.010          	1.136          	2.691          	0.000          	5.182          	0.3418         	397.44         	271.80         	155.37         	0.237          	0.0112         	0.1252         	0.000          	0.000          	125.225        	111.956        	0.000          	
2011-04-01	RyeBioenergyBM 	3.826          	1.043          	0.000          	2.505          	0.278          	0.0000         	56.89          	56.89          	124.89         	0.082          	0.0066         	0.0000         	0.068          	0.007          	67.907         	14.193         	2.711          	
2011-08-22	Maize          	15.387         	2.382          	7.586          	0.000          	5.419          	0.5833         	408.09         	241.33         	188.14         	0.183          	0.0211         	0.1225         	0.000          	0.000          	122.524        	60.162         	0.000          	
2012-04-16	RyeBioenergyBS 	8.091          	1.414          	0.000          	6.009          	0.668          	0.0000         	167.53         	163.08         	106.42         	0.091          	0.0068         	0.0000         	0.076          	0.124          	76.147         	15.290         	1.267          	
2012-08-29	Soybean        	8.439          	1.092          	2.527          	0.000          	4.820          	0.3440         	358.59         	241.79         	191.40         	0.233          	0.0107         	0.1235         	0.000          	0.000          	123.511        	109.035        	0.000          	
