DATE      	CROP           	TOTAL BIOMASS  	ROOT BIOMASS   	GRAIN YIELD    	FORAGE YIELD   	AG RESIDUE     	HARVEST INDEX  	POTENTIAL TR   	ACTUAL TR      	SOIL EVAP      	TOTAL N        	ROOT N         	GRAIN N        	FORAGE N       	CUM. N STRESS  	N IN HARVEST   	N IN RESIDUE   	N CONCN FORAGE 
YYYY-MM-DD	-              	Mg/ha          	Mg/ha          	Mg/ha          	Mg/ha          	Mg/ha          	Mg/Mg          	mm             	mm             	mm             	Mg/ha          	Mg/ha          	Mg/ha          	Mg/ha          	-              	kg/ha          	kg/ha          	%              
1984-09-05	Soybean        	10.544         	1.231          	3.245          	0.000          	6.069          	0.3484         	322.79         	303.88         	159.86         	0.296          	0.0121         	0.1595         	0.000          	0.000          	159.507        	136.260        	0.000          	
1985-04-01	RyeBioenergyBM 	5.069          	1.148          	0.000          	3.528          	0.392          	0.0000         	88.07          	88.07          	78.29          	0.084          	0.0064         	0.0000         	0.070          	0.035          	69.823         	14.152         	1.979          	
1985-09-01	Maize          	19.131         	2.686          	9.649          	0.000          	6.796          	0.5867         	434.63         	321.14         	129.13         	0.176          	0.0196         	0.1187         	0.000          	0.006          	118.725        	57.118         	0.000          	
1986-04-16	RyeBioenergyBS 	4.898          	0.968          	0.000          	3.537          	0.393          	0.0000         	88.41          	88.41          	105.66         	0.085          	0.0056         	0.0000         	0.072          	0.033          	71.943         	13.551         	2.034          	
1986-09-02	Soybean        	7.926          	0.962          	2.398          	0.000          	4.566          	0.3444         	310.84         	242.23         	138.28         	0.230          	0.0095         	0.1229         	0.000          	0.000          	122.863        	107.078        	0.000          	
1987-04-01	RyeBioenergyBM 	2.385          	0.719          	0.000          	1.500          	0.167          	0.0000         	40.02          	40.02          	108.69         	0.058          	0.0046         	0.0000         	0.048          	0.014          	47.662         	9.920          	3.178          	
1987-09-02	Maize          	12.219         	2.096          	5.456          	0.000          	4.666          	0.5390         	392.82         	215.29         	174.65         	0.177          	0.0195         	0.1157         	0.000          	0.000          	115.714        	61.653         	0.000          	
1988-04-16	RyeBioenergyBS 	5.204          	1.167          	0.000          	3.633          	0.404          	0.0000         	84.21          	84.21          	121.03         	0.100          	0.0075         	0.0000         	0.083          	0.011          	83.015         	16.769         	2.285          	
1988-09-10	Soybean        	7.327          	0.901          	2.233          	0.000          	4.193          	0.3475         	344.24         	225.85         	177.65         	0.189          	0.0089         	0.1008         	0.000          	0.000          	100.843        	87.708         	0.000          	
1989-04-01	RyeBioenergyBM 	2.797          	0.796          	0.000          	1.800          	0.200          	0.0000         	50.72          	50.72          	122.30         	0.066          	0.0053         	0.0000         	0.054          	0.016          	54.230         	11.341         	3.012          	
1989-09-03	Maize          	19.803         	2.595          	10.546         	0.000          	6.662          	0.6128         	353.49         	338.58         	178.52         	0.177          	0.0180         	0.1228         	0.000          	0.081          	122.761        	53.986         	0.000          	
1990-04-16	RyeBioenergyBS 	5.272          	1.096          	0.000          	3.758          	0.418          	0.0000         	99.97          	99.97          	105.08         	0.079          	0.0060         	0.0000         	0.066          	0.055          	65.626         	13.281         	1.746          	
1990-09-04	Soybean        	10.281         	1.262          	3.092          	0.000          	5.928          	0.3428         	338.24         	298.76         	169.15         	0.280          	0.0124         	0.1485         	0.000          	0.000          	148.454        	131.274        	0.000          	
1991-04-01	RyeBioenergyBM 	4.624          	1.030          	0.000          	3.235          	0.359          	0.0000         	74.32          	74.32          	115.69         	0.089          	0.0065         	0.0000         	0.074          	0.017          	74.164         	14.751         	2.293          	
1991-09-01	Maize          	15.398         	2.075          	8.229          	0.000          	5.094          	0.6176         	399.17         	275.16         	157.61         	0.180          	0.0174         	0.1263         	0.000          	0.000          	126.337        	53.997         	0.000          	
1992-04-16	RyeBioenergyBS 	5.384          	1.123          	0.000          	3.835          	0.426          	0.0000         	81.69          	81.69          	115.45         	0.093          	0.0066         	0.0000         	0.078          	0.017          	78.196         	15.284         	2.039          	
1992-09-11	Soybean        	10.242         	1.262          	3.095          	0.000          	5.886          	0.3446         	326.32         	294.22         	165.42         	0.285          	0.0124         	0.1520         	0.000          	0.000          	152.039        	133.045        	0.000          	
1993-04-01	RyeBioenergyBM 	2.151          	0.636          	0.000          	1.363          	0.151          	0.0000         	29.54          	29.54          	109.84         	0.065          	0.0048         	0.0000         	0.054          	0.001          	53.920         	10.817         	3.956          	
1993-09-07	Maize          	13.934         	2.160          	7.006          	0.000          	4.768          	0.5950         	460.83         	249.68         	183.39         	0.176          	0.0208         	0.1184         	0.000          	0.000          	118.374        	57.374         	0.000          	
1994-04-16	RyeBioenergyBS 	3.239          	0.924          	0.000          	2.084          	0.232          	0.0000         	55.97          	55.97          	121.09         	0.069          	0.0057         	0.0000         	0.057          	0.027          	56.892         	12.070         	2.730          	
1994-09-04	Soybean        	9.450          	1.111          	2.889          	0.000          	5.449          	0.3465         	303.69         	268.25         	159.47         	0.269          	0.0109         	0.1444         	0.000          	0.000          	144.406        	124.415        	0.000          	
1995-04-01	RyeBioenergyBM 	4.595          	0.962          	0.000          	3.269          	0.363          	0.0000         	70.33          	70.33          	106.26         	0.094          	0.0061         	0.0000         	0.079          	0.007          	78.728         	14.825         	2.408          	
1995-09-04	Maize          	15.473         	2.307          	7.926          	0.000          	5.240          	0.6020         	382.01         	259.55         	161.03         	0.178          	0.0193         	0.1220         	0.000          	0.000          	121.982        	56.189         	0.000          	
1996-04-16	RyeBioenergyBS 	3.056          	0.918          	0.000          	1.924          	0.214          	0.0000         	48.21          	48.21          	118.83         	0.067          	0.0057         	0.0000         	0.055          	0.015          	55.294         	11.861         	2.873          	
1996-09-05	Soybean        	11.782         	1.362          	3.620          	0.000          	6.801          	0.3474         	328.68         	328.40         	157.55         	0.319          	0.0134         	0.1713         	0.000          	0.000          	171.296        	147.401        	0.000          	
1997-04-01	RyeBioenergyBM 	3.422          	0.934          	0.000          	2.239          	0.249          	0.0000         	50.60          	50.60          	112.63         	0.075          	0.0059         	0.0000         	0.062          	0.011          	62.139         	12.814         	2.776          	
1997-09-17	Maize          	14.095         	2.098          	7.134          	0.000          	4.863          	0.5947         	422.94         	235.88         	192.81         	0.181          	0.0196         	0.1229         	0.000          	0.000          	122.917        	57.607         	0.000          	
1998-04-16	RyeBioenergyBS 	5.263          	1.191          	0.000          	3.665          	0.407          	0.0000         	90.83          	90.83          	105.51         	0.090          	0.0069         	0.0000         	0.075          	0.029          	74.701         	15.178         	2.038          	
1998-09-05	Soybean        	8.595          	1.181          	2.515          	0.000          	4.899          	0.3393         	335.77         	254.14         	161.09         	0.256          	0.0116         	0.1346         	0.000          	0.000          	134.607        	121.367        	0.000          	
1999-04-01	RyeBioenergyBM 	4.535          	1.047          	0.000          	3.139          	0.349          	0.0000         	72.71          	72.71          	88.52          	0.084          	0.0062         	0.0000         	0.070          	0.016          	69.819         	13.973         	2.224          	
1999-09-07	Maize          	13.045         	2.013          	6.413          	0.000          	4.619          	0.5813         	420.49         	246.57         	184.57         	0.181          	0.0184         	0.1232         	0.000          	0.000          	123.225        	57.920         	0.000          	
2000-04-16	RyeBioenergyBS 	6.918          	1.311          	0.000          	5.046          	0.561          	0.0000         	115.57         	115.57         	120.60         	0.111          	0.0079         	0.0000         	0.093          	0.020          	92.986         	18.193         	1.843          	
2000-09-06	Soybean        	10.658         	1.251          	3.268          	0.000          	6.140          	0.3473         	312.01         	303.88         	165.06         	0.297          	0.0123         	0.1599         	0.000          	0.000          	159.867        	137.376        	0.000          	
2001-04-01	RyeBioenergyBM 	1.711          	0.573          	0.000          	1.025          	0.114          	0.0000         	23.25          	23.25          	101.54         	0.063          	0.0052         	0.0000         	0.052          	0.000          	51.787         	10.987         	5.053          	
2001-09-03	Maize          	21.838         	2.888          	11.606         	0.000          	7.344          	0.6125         	398.79         	351.10         	133.71         	0.215          	0.0231         	0.1480         	0.000          	0.000          	147.956        	66.559         	0.000          	
2002-04-16	RyeBioenergyBS 	5.203          	0.828          	0.000          	3.938          	0.438          	0.0000         	84.91          	84.91          	111.06         	0.096          	0.0049         	0.0000         	0.082          	0.088          	81.772         	13.991         	2.077          	
2002-09-08	Soybean        	7.421          	1.063          	2.101          	0.000          	4.258          	0.3303         	349.64         	223.89         	179.26         	0.211          	0.0105         	0.1081         	0.000          	0.000          	108.104        	102.822        	0.000          	
2003-04-01	RyeBioenergyBM 	1.510          	0.530          	0.000          	0.882          	0.098          	0.0000         	23.33          	23.33          	108.51         	0.043          	0.0040         	0.0000         	0.035          	0.002          	35.496         	7.912          	4.024          	
2003-09-06	Maize          	20.957         	2.632          	11.352         	0.000          	6.973          	0.6195         	344.97         	327.27         	169.57         	0.192          	0.0195         	0.1338         	0.000          	0.032          	133.773        	58.044         	0.000          	
2004-04-16	RyeBioenergyBS 	4.165          	1.020          	0.000          	2.831          	0.315          	0.0000         	67.82          	67.82          	87.92          	0.077          	0.0059         	0.0000         	0.064          	0.030          	63.603         	12.974         	2.247          	
2004-08-28	Soybean        	11.527         	1.315          	3.556          	0.000          	6.656          	0.3482         	299.74         	299.74         	174.08         	0.314          	0.0129         	0.1694         	0.000          	0.000          	169.440        	144.927        	0.000          	
2005-04-01	RyeBioenergyBM 	3.087          	0.822          	0.000          	2.039          	0.227          	0.0000         	42.19          	42.19          	105.60         	0.089          	0.0065         	0.0000         	0.074          	0.000          	74.389         	14.725         	3.649          	
2005-09-08	Maize          	21.812         	2.796          	11.789         	0.000          	7.227          	0.6200         	399.25         	355.10         	156.44         	0.200          	0.0215         	0.1390         	0.000          	0.029          	138.965        	61.488         	0.000          	
2006-04-16	RyeBioenergyBS 	4.542          	1.023          	0.000          	3.167          	0.352          	0.0000         	88.70          	88.70          	92.76          	0.069          	0.0054         	0.0000         	0.058          	0.066          	57.716         	11.773         	1.822          	
2006-09-05	Soybean        	10.590         	1.359          	3.167          	0.000          	6.063          	0.3431         	352.77         	310.17         	129.82         	0.296          	0.0134         	0.1571         	0.000          	0.000          	157.135        	138.993        	0.000          	
2007-04-01	RyeBioenergyBM 	3.770          	0.905          	0.000          	2.578          	0.286          	0.0000         	60.31          	60.31          	99.48          	0.085          	0.0061         	0.0000         	0.071          	0.006          	70.805         	13.942         	2.746          	
2007-09-05	Maize          	17.402         	2.525          	8.820          	0.000          	6.057          	0.5928         	460.23         	309.01         	156.11         	0.197          	0.0218         	0.1335         	0.000          	0.000          	133.487        	63.217         	0.000          	
2008-04-16	RyeBioenergyBS 	5.303          	1.118          	0.000          	3.767          	0.419          	0.0000         	93.98          	93.97          	83.44          	0.075          	0.0056         	0.0000         	0.063          	0.067          	62.814         	12.606         	1.668          	
2008-09-05	Soybean        	8.845          	1.220          	2.587          	0.000          	5.038          	0.3393         	372.49         	262.52         	154.22         	0.253          	0.0120         	0.1327         	0.000          	0.000          	132.701        	120.242        	0.000          	
2009-04-01	RyeBioenergyBM 	3.800          	0.996          	0.000          	2.524          	0.280          	0.0000         	53.00          	53.00          	108.34         	0.088          	0.0067         	0.0000         	0.073          	0.002          	73.433         	14.823         	2.909          	
2009-08-29	Maize          	21.146         	2.890          	11.000         	0.000          	7.255          	0.6026         	382.73         	303.69         	164.51         	0.195          	0.0221         	0.1332         	0.000          	0.002          	133.178        	62.317         	0.000          	
2010-04-16	RyeBioenergyBS 	5.931          	1.339          	0.000          	4.133          	0.459          	0.0000         	109.43         	109.43         	101.25         	0.091          	0.0074         	0.0000         	0.076          	0.041          	75.518         	15.760         	1.827          	
2010-09-02	Soybean        	8.935          	1.129          	2.668          	0.000          	5.138          	0.3418         	397.09         	269.42         	156.37         	0.235          	0.0111         	0.1240         	0.000          	0.000          	124.005        	110.912        	0.000          	
2011-04-01	RyeBioenergyBM 	3.888          	1.055          	0.000          	2.550          	0.283          	0.0000         	56.96          	56.96          	124.99         	0.086          	0.0069         	0.0000         	0.071          	0.005          	71.159         	14.839         	2.791          	
2011-08-22	Maize          	15.379         	2.381          	7.583          	0.000          	5.415          	0.5834         	408.02         	241.21         	189.16         	0.166          	0.0188         	0.1118         	0.000          	0.000          	111.837        	54.532         	0.000          	
2012-04-16	RyeBioenergyBS 	9.331          	1.555          	0.000          	6.998          	0.778          	0.0000         	169.84         	164.83         	120.80         	0.114          	0.0083         	0.0000         	0.095          	0.078          	95.371         	18.913         	1.363          	
2012-08-29	Soybean        	8.394          	1.086          	2.514          	0.000          	4.793          	0.3441         	357.69         	240.38         	192.37         	0.231          	0.0107         	0.1229         	0.000          	0.000          	122.864        	108.422        	0.000          	
