DATE      	CROP           	TOTAL BIOMASS  	ROOT BIOMASS   	GRAIN YIELD    	FORAGE YIELD   	AG RESIDUE     	HARVEST INDEX  	POTENTIAL TR   	ACTUAL TR      	SOIL EVAP      	TOTAL N        	ROOT N         	GRAIN N        	FORAGE N       	CUM. N STRESS  	N IN HARVEST   	N IN RESIDUE   	N CONCN FORAGE 
YYYY-MM-DD	-              	Mg/ha          	Mg/ha          	Mg/ha          	Mg/ha          	Mg/ha          	Mg/Mg          	mm             	mm             	mm             	Mg/ha          	Mg/ha          	Mg/ha          	Mg/ha          	-              	kg/ha          	kg/ha          	%              
1984-09-17	Maize          	21.077         	2.710          	10.519         	0.000          	7.848          	0.5727         	338.63         	338.63         	152.70         	0.216          	0.0227         	0.1453         	0.000          	0.000          	145.253        	70.563         	0.000          	
1985-05-21	RyeBioenergyBS 	2.552          	0.476          	0.497          	1.421          	0.158          	0.2395         	115.80         	115.80         	137.50         	0.032          	0.0021         	0.0120         	0.016          	0.376          	27.985         	3.911          	1.125          	
1985-09-13	Soybean        	8.330          	1.172          	2.287          	0.000          	4.871          	0.3195         	253.24         	234.49         	138.15         	0.255          	0.0119         	0.1278         	0.000          	0.000          	127.783        	127.592        	0.000          	
1986-05-08	RyeBioenergyBM 	3.961          	0.838          	0.000          	2.811          	0.312          	0.0000         	111.33         	111.33         	125.01         	0.056          	0.0042         	0.0000         	0.047          	0.150          	46.548         	9.416          	1.656          	
1986-09-17	Maize          	18.729         	2.767          	8.846          	0.000          	7.117          	0.5542         	341.70         	296.92         	129.10         	0.233          	0.0257         	0.1537         	0.000          	0.000          	153.674        	79.152         	0.000          	
1987-05-21	RyeBioenergyBS 	2.292          	0.482          	0.000          	1.629          	0.181          	0.0000         	94.29          	94.29          	157.28         	0.031          	0.0022         	0.0000         	0.026          	0.265          	26.332         	5.083          	1.617          	
1987-09-26	Soybean        	9.954          	1.175          	2.926          	0.000          	5.853          	0.3332         	287.16         	281.72         	140.50         	0.286          	0.0117         	0.1488         	0.000          	0.000          	148.750        	136.813        	0.000          	
1988-05-08	RyeBioenergyBM 	3.103          	0.734          	0.000          	2.132          	0.237          	0.0000         	78.11          	78.11          	128.83         	0.050          	0.0038         	0.0000         	0.041          	0.113          	41.287         	8.361          	1.936          	
1988-09-28	Maize          	16.287         	2.277          	8.008          	0.000          	6.003          	0.5716         	370.50         	291.26         	134.99         	0.226          	0.0193         	0.1554         	0.000          	0.009          	155.365        	70.591         	0.000          	
1989-05-21	RyeBioenergyBS 	2.662          	0.599          	0.000          	1.857          	0.206          	0.0000         	87.60          	87.60          	139.54         	0.037          	0.0028         	0.0000         	0.031          	0.207          	30.532         	6.220          	1.644          	
1989-09-24	Soybean        	9.334          	1.157          	2.731          	0.000          	5.445          	0.3340         	255.80         	243.49         	139.03         	0.276          	0.0115         	0.1441         	0.000          	0.000          	144.065        	132.211        	0.000          	
1990-05-08	RyeBioenergyBM 	4.060          	0.824          	0.000          	2.912          	0.324          	0.0000         	103.61         	103.61         	130.01         	0.061          	0.0044         	0.0000         	0.051          	0.141          	50.620         	10.016         	1.738          	
1990-09-18	Maize          	20.416         	2.677          	10.206         	0.000          	7.534          	0.5753         	321.94         	321.94         	156.12         	0.251          	0.0245         	0.1707         	0.000          	0.000          	170.672        	80.261         	0.000          	
1991-05-21	RyeBioenergyBS 	3.737          	0.671          	0.753          	2.082          	0.231          	0.2455         	132.04         	132.04         	142.76         	0.044          	0.0031         	0.0168         	0.021          	0.337          	38.288         	5.504          	1.032          	
1991-09-21	Soybean        	8.073          	1.032          	2.303          	0.000          	4.738          	0.3271         	278.30         	237.93         	91.40          	0.247          	0.0102         	0.1268         	0.000          	0.000          	126.819        	120.456        	0.000          	
1992-05-08	RyeBioenergyBM 	3.484          	0.723          	0.000          	2.485          	0.276          	0.0000         	79.22          	79.22          	125.10         	0.053          	0.0038         	0.0000         	0.045          	0.121          	44.704         	8.787          	1.799          	
1992-09-25	Maize          	21.399         	2.801          	10.931         	0.000          	7.667          	0.5877         	317.82         	317.82         	127.97         	0.250          	0.0253         	0.1710         	0.000          	0.000          	170.990        	79.167         	0.000          	
1993-05-21	RyeBioenergyBS 	1.532          	0.368          	0.000          	1.048          	0.116          	0.0000         	73.43          	73.43          	125.39         	0.024          	0.0017         	0.0000         	0.020          	0.264          	20.071         	3.895          	1.916          	
1993-09-28	Soybean        	9.192          	1.154          	2.697          	0.000          	5.341          	0.3355         	284.68         	256.04         	118.26         	0.267          	0.0114         	0.1397         	0.000          	0.000          	139.747        	127.654        	0.000          	
1994-05-08	RyeBioenergyBM 	2.534          	0.656          	0.000          	1.690          	0.188          	0.0000         	74.05          	74.05          	116.16         	0.042          	0.0032         	0.0000         	0.035          	0.144          	34.700         	7.063          	2.053          	
1994-09-28	Maize          	22.653         	2.733          	11.912         	0.000          	8.007          	0.5980         	344.43         	344.43         	146.46         	0.267          	0.0248         	0.1851         	0.000          	0.000          	185.092        	81.423         	0.000          	
1995-05-21	RyeBioenergyBS 	2.139          	0.407          	0.359          	1.236          	0.137          	0.2074         	85.29          	85.29          	143.74         	0.029          	0.0019         	0.0093         	0.016          	0.340          	25.125         	3.604          	1.277          	
1995-09-11	Soybean        	6.695          	0.988          	1.796          	0.000          	3.911          	0.3147         	257.78         	196.63         	126.31         	0.219          	0.0099         	0.1082         	0.000          	0.000          	108.168        	110.537        	0.000          	
1996-05-08	RyeBioenergyBM 	3.065          	0.797          	0.000          	2.040          	0.227          	0.0000         	75.95          	75.95          	146.91         	0.052          	0.0042         	0.0000         	0.043          	0.099          	43.340         	8.971          	2.124          	
1996-09-25	Maize          	22.857         	2.847          	11.755         	0.000          	8.255          	0.5874         	350.08         	350.08         	154.82         	0.248          	0.0251         	0.1696         	0.000          	0.000          	169.567        	78.603         	0.000          	
1997-05-21	RyeBioenergyBS 	1.619          	0.346          	0.000          	1.146          	0.127          	0.0000         	73.66          	73.66          	146.44         	0.022          	0.0015         	0.0000         	0.019          	0.305          	18.823         	3.615          	1.643          	
1997-09-28	Soybean        	10.176         	1.252          	2.973          	0.000          	5.951          	0.3332         	294.98         	283.89         	123.30         	0.286          	0.0125         	0.1486         	0.000          	0.000          	148.646        	137.640        	0.000          	
1998-05-08	RyeBioenergyBM 	3.795          	0.775          	0.000          	2.718          	0.302          	0.0000         	94.70          	94.70          	123.75         	0.059          	0.0041         	0.0000         	0.049          	0.156          	49.404         	9.544          	1.818          	
1998-09-25	Maize          	19.402         	2.590          	9.455          	0.000          	7.356          	0.5624         	369.06         	317.98         	116.03         	0.248          	0.0246         	0.1670         	0.000          	0.000          	166.971        	81.260         	0.000          	
1999-05-21	RyeBioenergyBS 	2.286          	0.405          	0.447          	1.290          	0.143          	0.2379         	83.77          	83.77          	155.88         	0.033          	0.0020         	0.0125         	0.017          	0.389          	29.263         	3.821          	1.302          	
1999-09-28	Soybean        	9.566          	1.208          	2.744          	0.000          	5.615          	0.3283         	318.32         	282.48         	117.93         	0.273          	0.0120         	0.1402         	0.000          	0.000          	140.229        	133.125        	0.000          	
2000-05-08	RyeBioenergyBM 	4.302          	0.779          	0.601          	2.629          	0.292          	0.1707         	112.02         	112.02         	130.69         	0.060          	0.0041         	0.0157         	0.036          	0.164          	51.790         	8.099          	1.372          	
2000-09-28	Maize          	18.859         	2.650          	9.074          	0.000          	7.135          	0.5598         	323.69         	279.18         	141.95         	0.232          	0.0232         	0.1558         	0.000          	0.000          	155.838        	76.531         	0.000          	
2001-05-21	RyeBioenergyBS 	1.884          	0.434          	0.000          	1.305          	0.145          	0.0000         	78.91          	78.91          	124.92         	0.028          	0.0020         	0.0000         	0.024          	0.260          	23.613         	4.655          	1.809          	
2001-09-28	Soybean        	8.431          	1.163          	2.362          	0.000          	4.906          	0.3250         	299.07         	237.82         	143.93         	0.250          	0.0115         	0.1270         	0.000          	0.000          	126.961        	123.172        	0.000          	
2002-05-08	RyeBioenergyBM 	5.022          	0.822          	1.013          	2.868          	0.319          	0.2412         	132.59         	132.59         	120.20         	0.065          	0.0044         	0.0248         	0.033          	0.199          	57.398         	8.028          	1.138          	
2002-09-27	Maize          	13.145         	2.254          	5.274          	0.000          	5.617          	0.4843         	389.20         	223.91         	144.59         	0.203          	0.0220         	0.1261         	0.000          	0.000          	126.138        	77.209         	0.000          	
2003-05-21	RyeBioenergyBS 	2.872          	0.700          	0.000          	1.955          	0.217          	0.0000         	90.56          	90.56          	128.84         	0.045          	0.0034         	0.0000         	0.037          	0.184          	37.035         	7.487          	1.894          	
2003-09-28	Soybean        	9.841          	1.183          	2.896          	0.000          	5.762          	0.3345         	251.57         	251.57         	137.81         	0.286          	0.0117         	0.1495         	0.000          	0.000          	149.463        	136.657        	0.000          	
2004-05-08	RyeBioenergyBM 	3.645          	0.755          	0.000          	2.601          	0.289          	0.0000         	91.18          	91.18          	109.89         	0.057          	0.0041         	0.0000         	0.048          	0.133          	47.906         	9.415          	1.842          	
2004-09-26	Maize          	22.831         	2.899          	11.850         	0.000          	8.083          	0.5945         	330.77         	330.77         	164.32         	0.269          	0.0268         	0.1851         	0.000          	0.000          	185.086        	83.988         	0.000          	
2005-05-21	RyeBioenergyBS 	2.199          	0.453          	0.280          	1.320          	0.147          	0.1601         	93.34          	93.34          	117.49         	0.028          	0.0020         	0.0068         	0.017          	0.293          	24.168         	3.893          	1.313          	
2005-09-27	Soybean        	6.864          	0.950          	1.889          	0.000          	4.025          	0.3193         	284.83         	203.10         	105.05         	0.216          	0.0093         	0.1082         	0.000          	0.000          	108.220        	107.443        	0.000          	
2006-05-08	RyeBioenergyBM 	3.839          	0.765          	0.000          	2.767          	0.307          	0.0000         	117.01         	117.01         	143.56         	0.052          	0.0039         	0.0000         	0.043          	0.166          	43.314         	8.682          	1.565          	
2006-09-28	Maize          	19.351         	2.558          	9.509          	0.000          	7.284          	0.5662         	346.06         	306.21         	158.34         	0.246          	0.0245         	0.1658         	0.000          	0.000          	165.822        	80.138         	0.000          	
2007-05-21	RyeBioenergyBS 	2.605          	0.494          	0.429          	1.513          	0.168          	0.2035         	103.71         	103.71         	142.39         	0.035          	0.0023         	0.0111         	0.019          	0.299          	30.438         	4.432          	1.277          	
2007-09-17	Soybean        	9.846          	1.275          	2.817          	0.000          	5.754          	0.3287         	294.76         	280.51         	116.70         	0.281          	0.0128         	0.1441         	0.000          	0.000          	144.063        	136.995        	0.000          	
2008-05-08	RyeBioenergyBM 	4.039          	0.850          	0.000          	2.871          	0.319          	0.0000         	84.39          	84.39          	123.74         	0.065          	0.0048         	0.0000         	0.055          	0.096          	54.554         	10.814         	1.900          	
2008-09-28	Maize          	17.924         	2.537          	8.421          	0.000          	6.967          	0.5472         	362.95         	291.21         	145.76         	0.242          	0.0246         	0.1601         	0.000          	0.000          	160.123        	81.553         	0.000          	
2009-05-21	RyeBioenergyBS 	2.313          	0.494          	0.000          	1.637          	0.182          	0.0000         	84.28          	84.28          	137.50         	0.033          	0.0022         	0.0000         	0.027          	0.249          	27.321         	5.273          	1.669          	
2009-09-28	Soybean        	10.550         	1.318          	3.074          	0.000          	6.158          	0.3330         	269.02         	269.02         	145.44         	0.296          	0.0131         	0.1536         	0.000          	0.000          	153.578        	142.522        	0.000          	
2010-05-08	RyeBioenergyBM 	3.995          	0.836          	0.000          	2.844          	0.316          	0.0000         	113.80         	113.80         	105.13         	0.058          	0.0043         	0.0000         	0.049          	0.161          	48.641         	9.657          	1.710          	
2010-09-26	Maize          	17.957         	2.514          	8.642          	0.000          	6.801          	0.5596         	373.74         	305.49         	132.82         	0.250          	0.0227         	0.1690         	0.000          	0.000          	169.007        	80.593         	0.000          	
2011-05-21	RyeBioenergyBS 	2.315          	0.501          	0.000          	1.633          	0.181          	0.0000         	82.76          	82.76          	128.88         	0.033          	0.0023         	0.0000         	0.028          	0.264          	27.770         	5.395          	1.700          	
2011-09-28	Soybean        	9.598          	1.150          	2.858          	0.000          	5.590          	0.3383         	288.23         	267.21         	130.95         	0.273          	0.0113         	0.1437         	0.000          	0.000          	143.653        	129.054        	0.000          	
2012-05-08	RyeBioenergyBM 	5.194          	0.846          	0.959          	3.050          	0.339          	0.2205         	130.07         	130.07         	121.86         	0.069          	0.0045         	0.0238         	0.036          	0.196          	60.113         	8.559          	1.191          	
2012-09-22	Maize          	20.165         	2.613          	10.462         	0.000          	7.090          	0.5961         	370.01         	329.14         	161.18         	0.242          	0.0232         	0.1677         	0.000          	0.000          	167.653        	74.806         	0.000          	
