DATE      	CROP           	TOTAL BIOMASS  	ROOT BIOMASS   	GRAIN YIELD    	FORAGE YIELD   	AG RESIDUE     	HARVEST INDEX  	POTENTIAL TR   	ACTUAL TR      	SOIL EVAP      	TOTAL N        	ROOT N         	GRAIN N        	FORAGE N       	CUM. N STRESS  	N IN HARVEST   	N IN RESIDUE   	N CONCN FORAGE 
YYYY-MM-DD	-              	Mg/ha          	Mg/ha          	Mg/ha          	Mg/ha          	Mg/ha          	Mg/Mg          	mm             	mm             	mm             	Mg/ha          	Mg/ha          	Mg/ha          	Mg/ha          	-              	kg/ha          	kg/ha          	%              
1984-09-17	Soybean        	8.924          	1.113          	2.591          	0.000          	5.220          	0.3317         	245.88         	245.88         	156.42         	0.268          	0.0112         	0.1387         	0.000          	0.000          	138.656        	128.865        	0.000          	
1985-05-08	RyeBioenergyBM 	4.735          	0.895          	0.663          	2.859          	0.318          	0.1727         	130.85         	130.85         	107.84         	0.062          	0.0045         	0.0165         	0.037          	0.174          	53.611         	8.619          	1.299          	
1985-09-13	Maize          	16.154         	2.583          	6.689          	0.000          	6.881          	0.4929         	330.90         	262.97         	147.95         	0.212          	0.0235         	0.1320         	0.000          	0.000          	132.040        	79.573         	0.000          	
1986-05-21	RyeBioenergyBS 	3.128          	0.631          	0.483          	1.812          	0.201          	0.1935         	128.92         	128.92         	123.08         	0.038          	0.0028         	0.0113         	0.021          	0.293          	32.715         	5.175          	1.180          	
1986-09-17	Soybean        	9.308          	1.206          	2.700          	0.000          	5.403          	0.3332         	262.10         	251.42         	120.14         	0.276          	0.0121         	0.1430         	0.000          	0.000          	143.017        	132.486        	0.000          	
1987-05-08	RyeBioenergyBM 	3.677          	0.817          	0.000          	2.574          	0.286          	0.0000         	89.11          	89.11          	140.83         	0.057          	0.0042         	0.0000         	0.048          	0.108          	47.511         	9.461          	1.846          	
1987-09-26	Maize          	20.601         	2.568          	10.307         	0.000          	7.726          	0.5715         	366.97         	336.64         	141.96         	0.250          	0.0237         	0.1699         	0.000          	0.000          	169.937        	79.820         	0.000          	
1988-05-21	RyeBioenergyBS 	1.939          	0.449          	0.000          	1.341          	0.149          	0.0000         	85.95          	85.95          	136.62         	0.027          	0.0020         	0.0000         	0.023          	0.274          	22.558         	4.496          	1.682          	
1988-09-28	Soybean        	9.108          	1.179          	2.641          	0.000          	5.288          	0.3331         	311.76         	280.57         	94.28          	0.267          	0.0118         	0.1387         	0.000          	0.000          	138.665        	128.595        	0.000          	
1989-05-08	RyeBioenergyBM 	2.745          	0.668          	0.000          	1.869          	0.208          	0.0000         	75.48          	75.48          	137.97         	0.044          	0.0034         	0.0000         	0.037          	0.122          	36.933         	7.521          	1.976          	
1989-09-24	Maize          	19.873         	2.615          	9.894          	0.000          	7.363          	0.5733         	332.79         	303.15         	142.10         	0.250          	0.0248         	0.1695         	0.000          	0.000          	169.546        	80.537         	0.000          	
1990-05-21	RyeBioenergyBS 	2.510          	0.496          	0.425          	1.430          	0.159          	0.2109         	100.16         	100.16         	148.04         	0.034          	0.0023         	0.0111         	0.018          	0.319          	29.340         	4.298          	1.275          	
1990-09-18	Soybean        	9.425          	1.170          	2.752          	0.000          	5.503          	0.3334         	254.66         	254.66         	141.17         	0.279          	0.0117         	0.1452         	0.000          	0.000          	145.205        	133.763        	0.000          	
1991-05-08	RyeBioenergyBM 	5.437          	0.986          	0.814          	3.274          	0.364          	0.1828         	122.07         	122.07         	120.67         	0.073          	0.0054         	0.0205         	0.042          	0.146          	62.846         	10.098         	1.293          	
1991-09-21	Maize          	16.353         	2.274          	7.798          	0.000          	6.281          	0.5539         	373.57         	279.34         	86.43          	0.219          	0.0211         	0.1469         	0.000          	0.001          	146.925        	72.265         	0.000          	
1992-05-21	RyeBioenergyBS 	2.886          	0.570          	0.425          	1.703          	0.189          	0.1833         	94.48          	94.48          	132.76         	0.038          	0.0027         	0.0107         	0.022          	0.255          	32.612         	5.116          	1.288          	
1992-09-25	Soybean        	9.974          	1.220          	2.970          	0.000          	5.784          	0.3392         	249.18         	249.18         	126.30         	0.288          	0.0122         	0.1521         	0.000          	0.000          	152.149        	136.314        	0.000          	
1993-05-08	RyeBioenergyBM 	2.385          	0.628          	0.000          	1.581          	0.176          	0.0000         	68.92          	68.92          	116.24         	0.042          	0.0032         	0.0000         	0.035          	0.122          	35.134         	7.059          	2.222          	
1993-09-28	Maize          	17.533         	2.395          	8.765          	0.000          	6.373          	0.5790         	355.84         	283.18         	121.82         	0.236          	0.0219         	0.1616         	0.000          	0.000          	161.567        	74.101         	0.000          	
1994-05-21	RyeBioenergyBS 	2.142          	0.503          	0.000          	1.475          	0.164          	0.0000         	84.13          	84.13          	124.10         	0.030          	0.0022         	0.0000         	0.025          	0.243          	24.761         	4.908          	1.678          	
1994-09-28	Soybean        	10.572         	1.204          	3.177          	0.000          	6.190          	0.3392         	273.11         	273.11         	136.89         	0.298          	0.0119         	0.1578         	0.000          	0.000          	157.795        	140.616        	0.000          	
1995-05-08	RyeBioenergyBM 	4.050          	0.766          	0.000          	2.955          	0.328          	0.0000         	100.13         	100.13         	115.41         	0.057          	0.0040         	0.0000         	0.047          	0.138          	47.340         	9.303          	1.602          	
1995-09-11	Maize          	14.653         	2.302          	6.224          	0.000          	6.126          	0.5039         	337.09         	245.06         	130.66         	0.237          	0.0231         	0.1521         	0.000          	0.000          	152.073        	85.269         	0.000          	
1996-05-21	RyeBioenergyBS 	2.786          	0.661          	0.000          	1.912          	0.212          	0.0000         	87.08          	87.08          	149.29         	0.040          	0.0031         	0.0000         	0.033          	0.192          	33.346         	6.777          	1.744          	
1996-09-24	Soybean        	10.538         	1.264          	3.109          	0.000          	6.165          	0.3352         	275.10         	275.10         	160.45         	0.297          	0.0125         	0.1552         	0.000          	0.000          	155.214        	141.738        	0.000          	
1997-05-08	RyeBioenergyBM 	3.663          	0.789          	0.000          	2.586          	0.287          	0.0000         	97.16          	97.16          	125.60         	0.052          	0.0039         	0.0000         	0.043          	0.127          	43.324         	8.708          	1.675          	
1997-09-28	Maize          	19.988         	2.570          	10.215         	0.000          	7.203          	0.5865         	365.33         	322.73         	148.35         	0.239          	0.0220         	0.1652         	0.000          	0.000          	165.193        	74.252         	0.000          	
1998-05-21	RyeBioenergyBS 	2.763          	0.526          	0.527          	1.540          	0.171          	0.2354         	104.51         	104.51         	142.06         	0.037          	0.0024         	0.0137         	0.019          	0.308          	32.518         	4.509          	1.221          	
1998-09-27	Soybean        	9.627          	1.174          	2.816          	0.000          	5.637          	0.3331         	292.19         	273.02         	132.67         	0.279          	0.0115         	0.1451         	0.000          	0.000          	145.132        	133.749        	0.000          	
1999-05-08	RyeBioenergyBM 	4.201          	0.779          	0.569          	2.568          	0.285          	0.1662         	113.30         	113.30         	119.28         	0.055          	0.0038         	0.0139         	0.033          	0.206          	47.079         	7.521          	1.293          	
1999-09-28	Maize          	18.950         	2.559          	9.222          	0.000          	7.169          	0.5626         	407.24         	322.86         	114.16         	0.240          	0.0245         	0.1607         	0.000          	0.000          	160.721        	79.015         	0.000          	
2000-05-21	RyeBioenergyBS 	3.077          	0.542          	0.602          	1.739          	0.193          	0.2377         	123.51         	123.51         	136.68         	0.038          	0.0025         	0.0143         	0.019          	0.324          	33.612         	4.648          	1.110          	
2000-09-28	Soybean        	9.668          	1.209          	2.816          	0.000          	5.643          	0.3329         	253.97         	243.54         	139.31         	0.281          	0.0120         	0.1458         	0.000          	0.000          	145.754        	134.799        	0.000          	
2001-05-08	RyeBioenergyBM 	2.890          	0.688          	0.000          	1.981          	0.220          	0.0000         	79.26          	79.26          	123.79         	0.047          	0.0036         	0.0000         	0.039          	0.113          	38.676         	7.854          	1.952          	
2001-09-28	Maize          	16.511         	2.498          	7.510          	0.000          	6.503          	0.5359         	371.57         	267.91         	146.83         	0.232          	0.0238         	0.1525         	0.000          	0.000          	152.490        	79.919         	0.000          	
2002-05-21	RyeBioenergyBS 	4.051          	0.647          	0.917          	2.237          	0.249          	0.2695         	134.02         	134.02         	143.48         	0.049          	0.0031         	0.0207         	0.023          	0.326          	43.335         	5.653          	1.011          	
2002-09-26	Soybean        	6.939          	1.073          	1.824          	0.000          	4.043          	0.3109         	320.68         	203.82         	126.68         	0.207          	0.0106         	0.1009         	0.000          	0.000          	100.899        	106.391        	0.000          	
2003-05-08	RyeBioenergyBM 	2.689          	0.736          	0.000          	1.757          	0.195          	0.0000         	77.21          	77.21          	129.58         	0.045          	0.0037         	0.0000         	0.037          	0.112          	37.468         	7.839          	2.132          	
2003-09-28	Maize          	21.449         	2.707          	10.911         	0.000          	7.831          	0.5822         	323.83         	323.83         	147.30         	0.254          	0.0250         	0.1737         	0.000          	0.000          	173.692        	80.576         	0.000          	
2004-05-21	RyeBioenergyBS 	1.981          	0.395          	0.320          	1.139          	0.127          	0.2019         	83.46          	83.46          	138.44         	0.030          	0.0018         	0.0095         	0.017          	0.336          	26.166         	3.667          	1.465          	
2004-09-28	Soybean        	10.490         	1.249          	3.131          	0.000          	6.111          	0.3388         	257.12         	257.12         	150.78         	0.296          	0.0123         	0.1561         	0.000          	0.000          	156.126        	139.942        	0.000          	
2005-05-08	RyeBioenergyBM 	3.829          	0.813          	0.000          	2.714          	0.302          	0.0000         	96.00          	96.00          	106.04         	0.055          	0.0042         	0.0000         	0.046          	0.123          	45.896         	9.251          	1.691          	
2005-09-28	Maize          	13.123         	2.024          	5.694          	0.000          	5.404          	0.5131         	352.44         	224.60         	118.54         	0.209          	0.0199         	0.1351         	0.000          	0.000          	135.081        	73.430         	0.000          	
2006-05-21	RyeBioenergyBS 	4.031          	0.745          	0.658          	2.365          	0.263          	0.2002         	136.80         	136.80         	138.56         	0.050          	0.0036         	0.0156         	0.028          	0.244          	43.476         	6.734          	1.179          	
2006-09-28	Soybean        	9.845          	1.195          	2.891          	0.000          	5.759          	0.3342         	283.32         	267.37         	148.57         	0.282          	0.0118         	0.1471         	0.000          	0.000          	147.125        	134.996        	0.000          	
2007-05-08	RyeBioenergyBM 	3.998          	0.792          	0.000          	2.885          	0.321          	0.0000         	101.94         	101.94         	115.49         	0.059          	0.0043         	0.0000         	0.049          	0.123          	49.465         	9.774          	1.715          	
2007-09-17	Maize          	20.113         	2.750          	9.862          	0.000          	7.500          	0.5680         	379.48         	330.52         	115.42         	0.237          	0.0250         	0.1590         	0.000          	0.000          	158.961        	78.094         	0.000          	
2008-05-21	RyeBioenergyBS 	2.663          	0.565          	0.322          	1.599          	0.178          	0.1536         	91.47          	91.47          	132.15         	0.035          	0.0026         	0.0080         	0.022          	0.248          	29.629         	5.021          	1.352          	
2008-09-28	Soybean        	9.143          	1.147          	2.661          	0.000          	5.335          	0.3328         	290.83         	257.07         	140.91         	0.270          	0.0114         	0.1404         	0.000          	0.000          	140.444        	129.817        	0.000          	
2009-05-08	RyeBioenergyBM 	3.011          	0.710          	0.000          	2.071          	0.230          	0.0000         	76.85          	76.85          	124.09         	0.049          	0.0037         	0.0000         	0.041          	0.125          	41.061         	8.224          	1.983          	
2009-09-28	Maize          	22.808         	2.996          	11.392         	0.000          	8.420          	0.5750         	337.75         	337.75         	148.36         	0.270          	0.0280         	0.1821         	0.000          	0.000          	182.074        	87.562         	0.000          	
2010-05-21	RyeBioenergyBS 	1.890          	0.379          	0.279          	1.109          	0.123          	0.1844         	84.22          	84.22          	126.77         	0.027          	0.0016         	0.0078         	0.016          	0.332          	23.774         	3.392          	1.437          	
2010-09-28	Soybean        	9.910          	1.233          	2.901          	0.000          	5.776          	0.3343         	309.35         	292.76         	110.33         	0.287          	0.0122         	0.1496         	0.000          	0.000          	149.619        	137.348        	0.000          	
2011-05-08	RyeBioenergyBM 	3.095          	0.718          	0.000          	2.139          	0.238          	0.0000         	76.34          	76.34          	113.19         	0.050          	0.0037         	0.0000         	0.042          	0.125          	41.720         	8.371          	1.950          	
2011-09-24	Maize          	19.747         	2.503          	10.480         	0.000          	6.764          	0.6077         	370.21         	317.77         	147.81         	0.259          	0.0239         	0.1813         	0.000          	0.000          	181.271        	77.813         	0.000          	
2012-05-21	RyeBioenergyBS 	4.116          	0.663          	0.894          	2.303          	0.256          	0.2589         	141.38         	141.38         	138.33         	0.048          	0.0031         	0.0195         	0.023          	0.349          	42.225         	5.649          	0.988          	
2012-09-26	Soybean        	10.544         	1.274          	3.125          	0.000          	6.145          	0.3371         	297.15         	296.89         	130.45         	0.298          	0.0126         	0.1563         	0.000          	0.000          	156.278        	141.470        	0.000          	
