DATE      	CROP           	TOTAL BIOMASS  	ROOT BIOMASS   	GRAIN YIELD    	FORAGE YIELD   	AG RESIDUE     	HARVEST INDEX  	POTENTIAL TR   	ACTUAL TR      	SOIL EVAP      	TOTAL N        	ROOT N         	GRAIN N        	FORAGE N       	CUM. N STRESS  	N IN HARVEST   	N IN RESIDUE   	N CONCN FORAGE 
YYYY-MM-DD	-              	Mg/ha          	Mg/ha          	Mg/ha          	Mg/ha          	Mg/ha          	Mg/Mg          	mm             	mm             	mm             	Mg/ha          	Mg/ha          	Mg/ha          	Mg/ha          	-              	kg/ha          	kg/ha          	%              
1984-09-05	Soybean        	10.544         	1.231          	3.245          	0.000          	6.069          	0.3484         	322.79         	303.88         	159.86         	0.296          	0.0121         	0.1595         	0.000          	0.000          	159.507        	136.260        	0.000          	
1985-04-01	RyeBioenergyBM 	5.069          	1.148          	0.000          	3.528          	0.392          	0.0000         	88.07          	88.07          	78.29          	0.084          	0.0064         	0.0000         	0.070          	0.035          	69.823         	14.152         	1.979          	
1985-09-01	Maize          	19.131         	2.686          	9.649          	4.554          	2.243          	0.5867         	434.63         	321.14         	129.13         	0.176          	0.0196         	0.1187         	0.025          	0.006          	143.864        	31.979         	0.552          	
1986-04-15	Triticale      	5.103          	0.995          	0.000          	0.000          	4.108          	0.0000         	88.66          	88.66          	121.71         	0.094          	0.0060         	0.0000         	0.000          	0.019          	0.000          	93.827         	0.000          	
1986-09-02	Soybean        	8.214          	1.001          	2.482          	0.000          	4.732          	0.3440         	317.20         	251.31         	125.01         	0.237          	0.0099         	0.1266         	0.000          	0.000          	126.635        	110.630        	0.000          	
1987-04-01	RyeBioenergyBM 	2.462          	0.737          	0.000          	1.552          	0.172          	0.0000         	40.25          	40.25          	107.30         	0.063          	0.0049         	0.0000         	0.052          	0.010          	51.805         	10.697         	3.337          	
1987-09-02	Maize          	12.226         	2.097          	5.459          	3.129          	1.541          	0.5390         	392.86         	215.42         	174.35         	0.182          	0.0198         	0.1186         	0.029          	0.000          	147.557        	34.062         	0.926          	
1988-04-15	Triticale      	5.119          	1.156          	0.000          	0.000          	3.962          	0.0000         	84.26          	84.26          	131.10         	0.102          	0.0077         	0.0000         	0.000          	0.007          	0.000          	101.584        	0.000          	
1988-09-10	Soybean        	7.513          	0.925          	2.288          	0.000          	4.301          	0.3472         	349.02         	231.89         	152.00         	0.193          	0.0091         	0.1033         	0.000          	0.000          	103.316        	89.995         	0.000          	
1989-04-01	RyeBioenergyBM 	2.879          	0.814          	0.000          	1.858          	0.206          	0.0000         	50.91          	50.91          	120.83         	0.071          	0.0056         	0.0000         	0.058          	0.011          	58.488         	12.129         	3.147          	
1989-09-03	Maize          	19.958         	2.605          	10.650         	4.491          	2.212          	0.6137         	354.43         	337.92         	177.43         	0.180          	0.0183         	0.1248         	0.024          	0.073          	149.272        	30.328         	0.545          	
1990-04-15	Triticale      	5.578          	1.143          	0.000          	0.000          	4.435          	0.0000         	100.93         	100.93         	122.99         	0.089          	0.0066         	0.0000         	0.000          	0.032          	0.000          	89.472         	0.000          	
1990-09-04	Soybean        	10.434         	1.281          	3.135          	0.000          	6.018          	0.3425         	338.76         	303.87         	143.33         	0.285          	0.0126         	0.1514         	0.000          	0.000          	151.416        	133.996        	0.000          	
1991-04-01	RyeBioenergyBM 	4.727          	1.045          	0.000          	3.314          	0.368          	0.0000         	74.40          	74.40          	114.81         	0.094          	0.0068         	0.0000         	0.078          	0.012          	78.132         	15.458         	2.357          	
1991-09-01	Maize          	15.402         	2.076          	8.231          	3.414          	1.681          	0.6176         	399.23         	275.23         	157.48         	0.182          	0.0175         	0.1279         	0.025          	0.000          	152.704        	29.764         	0.727          	
1992-04-15	Triticale      	5.348          	1.121          	0.000          	0.000          	4.227          	0.0000         	81.74          	81.74          	127.83         	0.098          	0.0069         	0.0000         	0.000          	0.012          	0.000          	97.699         	0.000          	
1992-09-11	Soybean        	10.296         	1.268          	3.111          	0.000          	5.917          	0.3446         	326.54         	295.96         	142.23         	0.287          	0.0125         	0.1530         	0.000          	0.000          	152.958        	133.859        	0.000          	
1993-04-01	RyeBioenergyBM 	2.154          	0.637          	0.000          	1.365          	0.152          	0.0000         	29.54          	29.54          	109.41         	0.066          	0.0049         	0.0000         	0.055          	0.001          	54.849         	10.983         	4.018          	
1993-09-07	Maize          	13.935         	2.161          	7.006          	3.195          	1.574          	0.5950         	460.84         	249.70         	183.27         	0.178          	0.0212         	0.1201         	0.025          	0.000          	144.885        	33.434         	0.777          	
1994-04-15	Triticale      	3.147          	0.909          	0.000          	0.000          	2.239          	0.0000         	56.15          	56.15          	132.24         	0.069          	0.0058         	0.0000         	0.000          	0.023          	0.000          	69.266         	0.000          	
1994-09-04	Soybean        	9.596          	1.130          	2.932          	0.000          	5.534          	0.3463         	306.13         	272.67         	150.53         	0.273          	0.0111         	0.1466         	0.000          	0.000          	146.594        	126.412        	0.000          	
1995-04-01	RyeBioenergyBM 	4.653          	0.970          	0.000          	3.315          	0.368          	0.0000         	70.35          	70.35          	105.88         	0.097          	0.0063         	0.0000         	0.082          	0.005          	81.817         	15.397         	2.468          	
1995-09-04	Maize          	15.480         	2.308          	7.930          	3.512          	1.730          	0.6020         	382.04         	259.68         	160.83         	0.180          	0.0194         	0.1231         	0.025          	0.000          	148.105        	31.719         	0.711          	
1996-04-15	Triticale      	3.051          	0.919          	0.000          	0.000          	2.132          	0.0000         	48.49          	48.49          	135.93         	0.070          	0.0059         	0.0000         	0.000          	0.012          	0.000          	69.521         	0.000          	
1996-09-05	Soybean        	11.788         	1.362          	3.622          	0.000          	6.804          	0.3474         	328.76         	328.55         	148.33         	0.319          	0.0134         	0.1715         	0.000          	0.000          	171.488        	147.559        	0.000          	
1997-04-01	RyeBioenergyBM 	3.447          	0.940          	0.000          	2.257          	0.251          	0.0000         	50.65          	50.65          	112.38         	0.076          	0.0060         	0.0000         	0.063          	0.010          	63.396         	13.068         	2.809          	
1997-09-17	Maize          	14.096         	2.098          	7.135          	3.258          	1.605          	0.5947         	422.95         	235.91         	192.76         	0.182          	0.0197         	0.1236         	0.026          	0.000          	149.223        	32.318         	0.785          	
1998-04-15	Triticale      	5.263          	1.195          	0.000          	0.000          	4.068          	0.0000         	91.16          	91.16          	117.77         	0.092          	0.0070         	0.0000         	0.000          	0.022          	0.000          	92.153         	0.000          	
1998-09-05	Soybean        	8.799          	1.195          	2.586          	0.000          	5.018          	0.3401         	336.07         	260.65         	141.86         	0.262          	0.0117         	0.1383         	0.000          	0.000          	138.278        	123.987        	0.000          	
1999-04-01	RyeBioenergyBM 	4.632          	1.062          	0.000          	3.212          	0.357          	0.0000         	72.81          	72.81          	87.99          	0.088          	0.0064         	0.0000         	0.073          	0.012          	73.036         	14.563         	2.274          	
1999-09-07	Maize          	13.063         	2.016          	6.421          	3.099          	1.527          	0.5812         	420.66         	246.92         	184.28         	0.183          	0.0185         	0.1244         	0.027          	0.000          	151.142        	31.651         	0.863          	
2000-04-15	Triticale      	6.932          	1.313          	0.000          	0.000          	5.619          	0.0000         	115.60         	115.60         	131.48         	0.114          	0.0080         	0.0000         	0.000          	0.015          	0.000          	113.832        	0.000          	
2000-09-06	Soybean        	10.770         	1.261          	3.305          	0.000          	6.204          	0.3476         	312.04         	307.27         	135.26         	0.300          	0.0124         	0.1616         	0.000          	0.000          	161.601        	138.675        	0.000          	
2001-04-01	RyeBioenergyBM 	1.711          	0.573          	0.000          	1.025          	0.114          	0.0000         	23.25          	23.25          	101.17         	0.063          	0.0053         	0.0000         	0.052          	0.000          	52.320         	11.099         	5.105          	
2001-09-03	Maize          	21.838         	2.888          	11.606         	4.920          	2.423          	0.6125         	398.79         	351.11         	133.58         	0.218          	0.0235         	0.1505         	0.030          	0.000          	180.090        	38.041         	0.602          	
2002-04-15	Triticale      	5.441          	0.883          	0.000          	0.000          	4.557          	0.0000         	89.54          	89.54          	124.75         	0.102          	0.0055         	0.0000         	0.000          	0.071          	0.000          	102.316        	0.000          	
2002-09-08	Soybean        	7.738          	1.104          	2.193          	0.000          	4.441          	0.3306         	352.53         	234.44         	149.28         	0.221          	0.0109         	0.1134         	0.000          	0.000          	113.402        	107.625        	0.000          	
2003-04-01	RyeBioenergyBM 	1.523          	0.534          	0.000          	0.890          	0.099          	0.0000         	23.34          	23.34          	107.04         	0.045          	0.0041         	0.0000         	0.037          	0.001          	36.689         	8.160          	4.122          	
2003-09-06	Maize          	21.236         	2.645          	11.542         	4.723          	2.326          	0.6208         	345.92         	328.09         	168.58         	0.197          	0.0200         	0.1374         	0.026          	0.022          	163.781        	32.973         	0.559          	
2004-04-15	Triticale      	4.216          	1.036          	0.000          	0.000          	3.180          	0.0000         	68.30          	68.30          	97.69          	0.085          	0.0065         	0.0000         	0.000          	0.018          	0.000          	84.839         	0.000          	
2004-08-28	Soybean        	11.527         	1.315          	3.556          	0.000          	6.656          	0.3482         	299.74         	299.74         	153.01         	0.315          	0.0129         	0.1696         	0.000          	0.000          	169.585        	145.040        	0.000          	
2005-04-01	RyeBioenergyBM 	3.087          	0.822          	0.000          	2.039          	0.227          	0.0000         	42.19          	42.19          	105.48         	0.091          	0.0066         	0.0000         	0.076          	0.000          	75.832         	15.006         	3.719          	
2005-09-08	Maize          	21.896         	2.800          	11.847         	4.857          	2.392          	0.6204         	399.72         	355.24         	156.35         	0.203          	0.0217         	0.1405         	0.027          	0.025          	167.510        	35.034         	0.557          	
2006-04-15	Triticale      	4.932          	1.093          	0.000          	0.000          	3.839          	0.0000         	90.13          	90.13          	118.90         	0.081          	0.0060         	0.0000         	0.000          	0.044          	0.000          	80.582         	0.000          	
2006-09-05	Soybean        	10.554         	1.358          	3.154          	0.000          	6.042          	0.3430         	352.54         	309.17         	116.79         	0.296          	0.0134         	0.1569         	0.000          	0.000          	156.880        	138.845        	0.000          	
2007-04-01	RyeBioenergyBM 	3.805          	0.911          	0.000          	2.605          	0.289          	0.0000         	60.34          	60.34          	99.23          	0.087          	0.0062         	0.0000         	0.073          	0.004          	73.029         	14.337         	2.803          	
2007-09-05	Maize          	17.403         	2.525          	8.820          	4.059          	1.999          	0.5928         	460.24         	309.02         	156.07         	0.198          	0.0219         	0.1346         	0.028          	0.000          	162.607        	35.709         	0.690          	
2008-04-15	Triticale      	5.516          	1.160          	0.000          	0.000          	4.357          	0.0000         	94.85          	94.84          	100.03         	0.083          	0.0061         	0.0000         	0.000          	0.052          	0.000          	82.611         	0.000          	
2008-09-05	Soybean        	9.201          	1.271          	2.681          	0.000          	5.250          	0.3380         	375.55         	273.23         	123.02         	0.262          	0.0125         	0.1372         	0.000          	0.000          	137.155        	125.075        	0.000          	
2009-04-01	RyeBioenergyBM 	3.830          	1.001          	0.000          	2.546          	0.283          	0.0000         	53.01          	53.01          	107.38         	0.093          	0.0070         	0.0000         	0.077          	0.001          	77.356         	15.606         	3.039          	
2009-08-29	Maize          	21.181         	2.892          	11.024         	4.867          	2.397          	0.6028         	383.14         	303.92         	164.14         	0.198          	0.0224         	0.1353         	0.027          	0.000          	162.607        	35.852         	0.562          	
2010-04-15	Triticale      	6.177          	1.383          	0.000          	0.000          	4.794          	0.0000         	110.59         	110.59         	115.35         	0.101          	0.0081         	0.0000         	0.000          	0.024          	0.000          	100.750        	0.000          	
2010-09-02	Soybean        	9.551          	1.198          	2.847          	0.000          	5.506          	0.3409         	400.47         	289.39         	130.72         	0.254          	0.0118         	0.1341         	0.000          	0.000          	134.078        	120.230        	0.000          	
2011-04-01	RyeBioenergyBM 	3.967          	1.070          	0.000          	2.607          	0.290          	0.0000         	57.01          	57.01          	123.97         	0.093          	0.0075         	0.0000         	0.077          	0.001          	76.979         	16.032         	2.953          	
2011-08-22	Maize          	15.385         	2.382          	7.585          	3.630          	1.788          	0.5833         	408.08         	241.32         	188.88         	0.169          	0.0191         	0.1140         	0.024          	0.000          	138.321        	31.131         	0.671          	
2012-04-15	Triticale      	9.575          	1.583          	0.000          	0.000          	7.992          	0.0000         	170.13         	164.81         	128.78         	0.121          	0.0088         	0.0000         	0.000          	0.061          	0.000          	121.448        	0.000          	
2012-08-29	Soybean        	10.323         	1.347          	3.051          	0.000          	5.925          	0.3399         	385.44         	301.82         	114.30         	0.282          	0.0132         	0.1485         	0.000          	0.000          	148.470        	133.916        	0.000          	
